-0.2	-0.0035238	-0.0070477	0	0
-0.1995	-0.0035238	-0.0070477	0	0
-0.199	-0.010572	-0.017619	0	0
-0.1985	0.0070477	-0.017619	0	0
-0.198	0.024667	-0.014095	0	0
-0.1975	0.042286	-0.017619	0	0
-0.197	0.024667	-0.031715	0	0
-0.1965	0.014095	-0.042286	0	0
-0.196	0	-0.049334	0	0
-0.1955	-0.0035238	-0.049334	0	0
-0.195	-0.0035238	-0.042286	0	0
-0.1945	-0.0035238	-0.042286	0	0
-0.194	0	-0.042286	0	0
-0.1935	0	-0.042286	0	0
-0.193	-0.0035238	-0.035238	0	0
-0.1925	-0.010572	-0.024667	0	0
-0.192	-0.010572	-0.024667	0	0
-0.1915	0	-0.024667	0	0
-0.191	0.014095	-0.024667	0	0
-0.1905	0.031715	-0.024667	0	0
-0.19	0.035238	-0.024667	0	0
-0.1895	0.035238	-0.024667	0	0
-0.189	0.017619	-0.031715	0	0
-0.1885	0.0070477	-0.024667	0	0
-0.188	-0.0035238	-0.024667	0	0
-0.1875	-0.0035238	-0.024667	0	0
-0.187	-0.010572	-0.024667	0	0
-0.1865	-0.010572	-0.017619	0	0
-0.186	-0.0035238	-0.0070477	0	0
-0.1855	0	-0	0	0
-0.185	0.014095	0.0035238	0	0
-0.1845	0.017619	0.010572	0	0
-0.184	0.024667	0.010572	0	0
-0.1835	0.031715	-0	0	0
-0.183	0.031715	-0.0070477	0	0
-0.1825	0.017619	-0.0070477	0	0
-0.182	0.0070477	-0	0	0
-0.1815	0	-0.017619	0	0
-0.181	-0.0035238	-0.035238	0	0
-0.1805	-0.010572	-0.052858	0	0
-0.18	-0.017619	-0.049334	0	0
-0.1795	-0.021143	-0.042286	0	0
-0.179	-0.021143	-0.042286	0	0
-0.1785	0	-0.042286	0	0
-0.178	0.017619	-0.049334	0	0
-0.1775	0.031715	-0.052858	0	0
-0.177	0.035238	-0.059905	0	0
-0.1765	0.035238	-0.059905	0	0
-0.176	0.035238	-0.052858	0	0
-0.1755	0.017619	-0.042286	0	0
-0.175	0	-0.035238	0	0
-0.1745	-0.010572	-0.035238	0	0
-0.174	-0.0035238	-0.035238	0	0
-0.1735	0	-0.042286	0	0
-0.173	0	-0.042286	0	0
-0.1725	0	-0.042286	0	0
-0.172	0.0070477	-0.035238	0	0
-0.1715	0.014095	-0.031715	0	0
-0.171	0.014095	-0.031715	0	0
-0.1705	0.0070477	-0.035238	0	0
-0.17	0.014095	-0.035238	0	0
-0.1695	0.014095	-0.035238	0	0
-0.169	0.0070477	-0.035238	0	0
-0.1685	0.0070477	-0.031715	0	0
-0.168	0.0070477	-0.035238	0	0
-0.1675	0	-0.042286	0	0
-0.167	0	-0.049334	0	0
-0.1665	0	-0.049334	0	0
-0.166	0.0070477	-0.049334	0	0
-0.1655	0.017619	-0.042286	0	0
-0.165	0.031715	-0.042286	0	0
-0.1645	0.031715	-0.042286	0	0
-0.164	0.017619	-0.035238	0	0
-0.1635	0.0070477	-0.042286	0	0
-0.163	0	-0.052858	0	0
-0.1625	0	-0.070477	0	0
-0.162	0.0070477	-0.070477	0	0
-0.1615	0.0070477	-0.052858	0	0
-0.161	0.017619	-0.042286	0	0
-0.1605	0.024667	-0.052858	0	0
-0.16	0.042286	-0.052858	0	0
-0.1595	0.042286	-0.059905	0	0
-0.159	0.035238	-0.066953	0	0
-0.1585	0.024667	-0.059905	0	0
-0.158	0.0070477	-0.059905	0	0
-0.1575	0	-0.052858	0	0
-0.157	0	-0.059905	0	0
-0.1565	0.0070477	-0.066953	0	0
-0.156	0.0070477	-0.070477	0	0
-0.1555	0.017619	-0.066953	0	0
-0.155	0.017619	-0.066953	0	0
-0.1545	0.017619	-0.059905	0	0
-0.154	0.024667	-0.059905	0	0
-0.1535	0.017619	-0.059905	0	0
-0.153	0.014095	-0.052858	0	0
-0.1525	0.0070477	-0.042286	0	0
-0.152	0.014095	-0.031715	0	0
-0.1515	0.0070477	-0.017619	0	0
-0.151	0.0070477	-0.035238	0	0
-0.1505	0	-0.042286	0	0
-0.15	0	-0.059905	0	0
-0.1495	0.0070477	-0.059905	0	0
-0.149	0.017619	-0.059905	0	0
-0.1485	0.024667	-0.059905	0	0
-0.148	0.035238	-0.066953	0	0
-0.1475	0.017619	-0.066953	0	0
-0.147	0.0070477	-0.066953	0	0
-0.1465	0	-0.066953	0	0
-0.146	0.0070477	-0.066953	0	0
-0.1455	0.017619	-0.070477	0	0
-0.145	0.031715	-0.070477	0	0
-0.1445	0.031715	-0.070477	0	0
-0.144	0.031715	-0.066953	0	0
-0.1435	0.031715	-0.066953	0	0
-0.143	0.031715	-0.070477	0	0
-0.1425	0.035238	-0.070477	0	0
-0.142	0.035238	-0.070477	0	0
-0.1415	0.042286	-0.070477	0	0
-0.141	0.042286	-0.077525	0	0
-0.1405	0.049334	-0.088096	0	0
-0.14	0.049334	-0.088096	0	0
-0.1395	0.042286	-0.088096	0	0
-0.139	0.031715	-0.088096	0	0
-0.1385	0.024667	-0.084572	0	0
-0.138	0.017619	-0.077525	0	0
-0.1375	0.017619	-0.066953	0	0
-0.137	0.014095	-0.066953	0	0
-0.1365	0.014095	-0.066953	0	0
-0.136	0.0070477	-0.066953	0	0
-0.1355	0.0070477	-0.066953	0	0
-0.135	0	-0.066953	0	0
-0.1345	0	-0.052858	0	0
-0.134	0	-0.042286	0	0
-0.1335	0.0070477	-0.031715	0	0
-0.133	0	-0.035238	0	0
-0.1325	-0.010572	-0.035238	0	0
-0.132	-0.010572	-0.035238	0	0
-0.1315	0	-0.035238	0	0
-0.131	0.0070477	-0.042286	0	0
-0.1305	0.0070477	-0.052858	0	0
-0.13	0.014095	-0.066953	0	0
-0.1295	0.017619	-0.070477	0	0
-0.129	0.017619	-0.059905	0	0
-0.1285	0.017619	-0.049334	0	0
-0.128	0.024667	-0.035238	0	0
-0.1275	0.031715	-0.035238	0	0
-0.127	0.035238	-0.042286	0	0
-0.1265	0.024667	-0.052858	0	0
-0.126	0.017619	-0.077525	0	0
-0.1255	0.017619	-0.095144	0	0
-0.125	0.017619	-0.095144	0	0
-0.1245	0.017619	-0.077525	0	0
-0.124	0.024667	-0.059905	0	0
-0.1235	0.024667	-0.059905	0	0
-0.123	0.035238	-0.052858	0	0
-0.1225	0.024667	-0.052858	0	0
-0.122	0.024667	-0.042286	0	0
-0.1215	0.017619	-0.035238	0	0
-0.121	0.024667	-0.035238	0	0
-0.1205	0.031715	-0.042286	0	0
-0.12	0.031715	-0.049334	0	0
-0.1195	0.024667	-0.052858	0	0
-0.119	0.017619	-0.070477	0	0
-0.1185	0.017619	-0.088096	0	0
-0.118	0.017619	-0.088096	0	0
-0.1175	0.017619	-0.084572	0	0
-0.117	0.024667	-0.070477	0	0
-0.1165	0.024667	-0.070477	0	0
-0.116	0.024667	-0.070477	0	0
-0.1155	0.024667	-0.070477	0	0
-0.115	0.024667	-0.070477	0	0
-0.1145	0.024667	-0.070477	0	0
-0.114	0.031715	-0.070477	0	0
-0.1135	0.024667	-0.059905	0	0
-0.113	0.024667	-0.052858	0	0
-0.1125	0.017619	-0.052858	0	0
-0.112	0.017619	-0.059905	0	0
-0.1115	0.024667	-0.070477	0	0
-0.111	0.035238	-0.059905	0	0
-0.1105	0.031715	-0.052858	0	0
-0.11	0.017619	-0.049334	0	0
-0.1095	0.0070477	-0.042286	0	0
-0.109	0.0070477	-0.042286	0	0
-0.1085	0.0070477	-0.042286	0	0
-0.108	0.0070477	-0.042286	0	0
-0.1075	0.017619	-0.042286	0	0
-0.107	0.024667	-0.035238	0	0
-0.1065	0.035238	-0.031715	0	0
-0.106	0.035238	-0.017619	0	0
-0.1055	0.024667	-0.014095	0	0
-0.105	0.017619	-0.024667	0	0
-0.1045	0	-0.042286	0	0
-0.104	0	-0.052858	0	0
-0.1035	0	-0.049334	0	0
-0.103	0	-0.035238	0	0
-0.1025	-0.0035238	-0.042286	0	0
-0.102	-0.0035238	-0.042286	0	0
-0.1015	0	-0.052858	0	0
-0.101	0.0070477	-0.052858	0	0
-0.1005	0.0070477	-0.052858	0	0
-0.1	0.0070477	-0.052858	0	0
-0.0995	0.014095	-0.052858	0	0
-0.099	0.017619	-0.049334	0	0
-0.0985	0.017619	-0.052858	0	0
-0.098	0.024667	-0.066953	0	0
-0.0975	0.031715	-0.077525	0	0
-0.097	0.031715	-0.077525	0	0
-0.0965	0.031715	-0.077525	0	0
-0.096	0.035238	-0.077525	0	0
-0.0955	0.035238	-0.070477	0	0
-0.095	0.042286	-0.059905	0	0
-0.0945	0.035238	-0.059905	0	0
-0.094	0.031715	-0.052858	0	0
-0.0935	0.017619	-0.052858	0	0
-0.093	0.017619	-0.042286	0	0
-0.0925	0.017619	-0.052858	0	0
-0.092	0.024667	-0.059905	0	0
-0.0915	0.031715	-0.070477	0	0
-0.091	0.035238	-0.077525	0	0
-0.0905	0.035238	-0.070477	0	0
-0.09	0.035238	-0.059905	0	0
-0.0895	0.035238	-0.049334	0	0
-0.089	0.035238	-0.052858	0	0
-0.0885	0.035238	-0.052858	0	0
-0.088	0.042286	-0.052858	0	0
-0.0875	0.052858	-0.052858	0	0
-0.087	0.052858	-0.059905	0	0
-0.0865	0.049334	-0.070477	0	0
-0.086	0.042286	-0.077525	0	0
-0.0855	0.042286	-0.077525	0	0
-0.085	0.042286	-0.070477	0	0
-0.0845	0.042286	-0.070477	0	0
-0.084	0.049334	-0.066953	0	0
-0.0835	0.052858	-0.052858	0	0
-0.083	0.059905	-0.035238	0	0
-0.0825	0.052858	-0.042286	0	0
-0.082	0.052858	-0.049334	0	0
-0.0815	0.049334	-0.059905	0	0
-0.081	0.049334	-0.059905	0	0
-0.0805	0.042286	-0.059905	0	0
-0.08	0.042286	-0.059905	0	0
-0.0795	0.035238	-0.052858	0	0
-0.079	0.031715	-0.049334	0	0
-0.0785	0.017619	-0.042286	0	0
-0.078	0.017619	-0.035238	0	0
-0.0775	0.017619	-0.035238	0	0
-0.077	0.024667	-0.035238	0	0
-0.0765	0.035238	-0.035238	0	0
-0.076	0.035238	-0.035238	0	0
-0.0755	0.035238	-0.042286	0	0
-0.075	0.042286	-0.052858	0	0
-0.0745	0.042286	-0.059905	0	0
-0.074	0.049334	-0.059905	0	0
-0.0735	0.052858	-0.059905	0	0
-0.073	0.052858	-0.059905	0	0
-0.0725	0.049334	-0.052858	0	0
-0.072	0.049334	-0.042286	0	0
-0.0715	0.052858	-0.035238	0	0
-0.071	0.059905	-0.035238	0	0
-0.0705	0.066953	-0.035238	0	0
-0.07	0.059905	-0.042286	0	0
-0.0695	0.059905	-0.052858	0	0
-0.069	0.059905	-0.059905	0	0
-0.0685	0.059905	-0.077525	0	0
-0.068	0.052858	-0.088096	0	0
-0.0675	0.052858	-0.088096	0	0
-0.067	0.049334	-0.070477	0	0
-0.0665	0.049334	-0.059905	0	0
-0.066	0.042286	-0.059905	0	0
-0.0655	0.042286	-0.059905	0	0
-0.065	0.042286	-0.066953	0	0
-0.0645	0.049334	-0.077525	0	0
-0.064	0.052858	-0.077525	0	0
-0.0635	0.052858	-0.077525	0	0
-0.063	0.052858	-0.088096	0	0
-0.0625	0.049334	-0.088096	0	0
-0.062	0.052858	-0.088096	0	0
-0.0615	0.052858	-0.088096	0	0
-0.061	0.052858	-0.088096	0	0
-0.0605	0.049334	-0.084572	0	0
-0.06	0.042286	-0.070477	0	0
-0.0595	0.042286	-0.059905	0	0
-0.059	0.049334	-0.049334	0	0
-0.0585	0.052858	-0.042286	0	0
-0.058	0.052858	-0.042286	0	0
-0.0575	0.049334	-0.035238	0	0
-0.057	0.049334	-0.035238	0	0
-0.0565	0.049334	-0.042286	0	0
-0.056	0.059905	-0.042286	0	0
-0.0555	0.070477	-0.049334	0	0
-0.055	0.077525	-0.052858	0	0
-0.0545	0.059905	-0.059905	0	0
-0.054	0.049334	-0.070477	0	0
-0.0535	0.042286	-0.077525	0	0
-0.053	0.049334	-0.077525	0	0
-0.0525	0.052858	-0.077525	0	0
-0.052	0.052858	-0.070477	0	0
-0.0515	0.052858	-0.066953	0	0
-0.051	0.059905	-0.059905	0	0
-0.0505	0.059905	-0.059905	0	0
-0.05	0.059905	-0.059905	0	0
-0.0495	0.059905	-0.052858	0	0
-0.049	0.059905	-0.052858	0	0
-0.0485	0.059905	-0.052858	0	0
-0.048	0.059905	-0.059905	0	0
-0.0475	0.070477	-0.059905	0	0
-0.047	0.070477	-0.052858	0	0
-0.0465	0.059905	-0.049334	0	0
-0.046	0.049334	-0.049334	0	0
-0.0455	0.035238	-0.042286	0	0
-0.045	0.049334	-0.042286	0	0
-0.0445	0.052858	-0.049334	0	0
-0.044	0.059905	-0.059905	0	0
-0.0435	0.059905	-0.070477	0	0
-0.043	0.070477	-0.070477	0	0
-0.0425	0.070477	-0.077525	0	0
-0.042	0.070477	-0.077525	0	0
-0.0415	0.070477	-0.077525	0	0
-0.041	0.070477	-0.077525	0	0
-0.0405	0.070477	-0.084572	0	0
-0.04	0.077525	-0.088096	0	0
-0.0395	0.077525	-0.095144	0	0
-0.039	0.077525	-0.095144	0	0
-0.0385	0.077525	-0.095144	0	0
-0.038	0.070477	-0.088096	0	0
-0.0375	0.077525	-0.084572	0	0
-0.037	0.084572	-0.077525	0	0
-0.0365	0.088096	-0.077525	0	0
-0.036	0.088096	-0.077525	0	0
-0.0355	0.088096	-0.077525	0	0
-0.035	0.084572	-0.077525	0	0
-0.0345	0.077525	-0.070477	0	0
-0.034	0.070477	-0.059905	0	0
-0.0335	0.077525	-0.052858	0	0
-0.033	0.088096	-0.042286	0	0
-0.0325	0.10572	-0.042286	0	0
-0.032	0.11981	-0.035238	0	0
-0.0315	0.11981	-0.031715	0	0
-0.031	0.10572	-0.035238	0	0
-0.0305	0.088096	-0.052858	0	0
-0.03	0.077525	-0.070477	0	0
-0.0295	0.077525	-0.088096	0	0
-0.029	0.084572	-0.10572	0	0
-0.0285	0.095144	-0.12333	0	0
-0.028	0.10219	-0.11981	0	0
-0.0275	0.10219	-0.11276	0	0
-0.027	0.10219	-0.10572	0	0
-0.0265	0.10572	-0.10572	0	0
-0.026	0.10572	-0.10219	0	0
-0.0255	0.10572	-0.077525	0	0
-0.025	0.11276	-0.059905	0	0
-0.0245	0.11276	-0.042286	0	0
-0.024	0.10572	-0.049334	0	0
-0.0235	0.10219	-0.059905	0	0
-0.023	0.10219	-0.059905	0	0
-0.0225	0.10572	-0.077525	0	0
-0.022	0.11276	-0.095144	0	0
-0.0215	0.11276	-0.095144	0	0
-0.021	0.11276	-0.095144	0	0
-0.0205	0.11276	-0.088096	0	0
-0.02	0.11276	-0.088096	0	0
-0.0195	0.12333	-0.070477	0	0
-0.019	0.12333	-0.049334	0	0
-0.0185	0.13038	-0.031715	0	0
-0.018	0.13038	-0.042286	0	0
-0.0175	0.13743	-0.059905	0	0
-0.017	0.14095	-0.070477	0	0
-0.0165	0.13743	-0.066953	0	0
-0.016	0.13038	-0.059905	0	0
-0.0155	0.11981	-0.059905	0	0
-0.015	0.11276	-0.066953	0	0
-0.0145	0.11276	-0.077525	0	0
-0.014	0.10572	-0.084572	0	0
-0.0135	0.10572	-0.084572	0	0
-0.013	0.10219	-0.077525	0	0
-0.0125	0.10219	-0.070477	0	0
-0.012	0.095144	-0.070477	0	0
-0.0115	0.10219	-0.070477	0	0
-0.011	0.10572	-0.070477	0	0
-0.0105	0.11276	-0.066953	0	0
-0.01	0.12333	-0.059905	0	0
-0.0095	0.13743	-0.052858	0	0
-0.009	0.14095	-0.052858	0	0
-0.0085	0.14095	-0.049334	0	0
-0.008	0.148	-0.049334	0	0
-0.0075	0.148	-0.059905	0	0
-0.007	0.14095	-0.066953	0	0
-0.0065	0.14095	-0.059905	0	0
-0.006	0.148	-0.052858	0	0
-0.0055	0.15505	-0.042286	0	0
-0.005	0.15505	-0.049334	0	0
-0.0045	0.15505	-0.052858	0	0
-0.004	0.15505	-0.049334	0	0
-0.0035	0.15505	-0.042286	0	0
-0.003	0.15505	-0.052858	0	0
-0.0025	0.15857	-0.070477	0	0
-0.002	0.17267	-0.088096	0	0
-0.0015	0.17267	-0.084572	0	0
-0.001	0.16562	-0.066953	0	0
-0.0005	0.15857	-0.059905	0	0
0	0.15857	-0.077525	0.0049334	0
0.0005	0.15505	-0.088096	0.0098668	0
0.001	0.148	-0.088096	0.0148	0
0.0015	0.148	-0.077525	0.019734	0
0.002	0.16562	-0.070477	0.024667	0
0.0025	0.17267	-0.066953	0.0296	0
0.003	0.17267	-0.070477	0.034534	0
0.0035	0.17267	-0.070477	0.039467	0
0.004	0.17619	-0.059905	0.0444	0
0.0045	0.17619	-0.049334	0.049334	0
0.005	0.18324	-0.035238	0.054267	0
0.0055	0.19381	-0.031715	0.059201	0
0.006	0.20086	-0.042286	0.064134	0
0.0065	0.19381	-0.059905	0.069067	0
0.007	0.19029	-0.052858	0.074001	0
0.0075	0.18324	-0.031715	0.078934	0
0.008	0.18324	-0.017619	0.083867	0
0.0085	0.19381	-0.024667	0.088801	0
0.009	0.20086	-0.035238	0.093734	0
0.0095	0.20086	-0.035238	0.098668	0
0.01	0.19381	-0.035238	0.1036	0
0.0105	0.19381	-0.035238	0.10853	0
0.011	0.19381	-0.031715	0.11347	0
0.0115	0.19381	-0.042286	0.1184	0
0.012	0.18324	-0.059905	0.12333	0
0.0125	0.19381	-0.077525	0.12827	0
0.013	0.20086	-0.077525	0.1332	0
0.0135	0.21848	-0.059905	0.13813	0
0.014	0.21848	-0.052858	0.14307	0
0.0145	0.21848	-0.049334	0.148	0
0.015	0.22553	-0.059905	0.15293	0
0.0155	0.22905	-0.059905	0.15787	0
0.016	0.2361	-0.059905	0.1628	0
0.0165	0.24315	-0.059905	0.16773	0
0.017	0.24315	-0.059905	0.17267	0
0.0175	0.2361	-0.059905	0.1776	0
0.018	0.24315	-0.066953	0.18254	0
0.0185	0.24667	-0.059905	0.18747	0
0.019	0.25372	-0.059905	0.1924	0
0.0195	0.24667	-0.052858	0.19734	0
0.02	0.2361	-0.042286	0.20227	0
0.0205	0.2361	-0.035238	0.2072	0
0.021	0.2361	-0.024667	0.21214	0
0.0215	0.22905	-0.024667	0.21707	0
0.022	0.22905	-0.049334	0.222	0
0.0225	0.24667	-0.070477	0.22694	0
0.023	0.26076	-0.077525	0.23187	0
0.0235	0.27838	-0.066953	0.2368	0
0.024	0.28191	-0.059905	0.24174	0
0.0245	0.28191	-0.070477	0.24667	0
0.025	0.27134	-0.084572	0.2516	0
0.0255	0.26429	-0.077525	0.25654	0
0.026	0.25372	-0.070477	0.26147	0
0.0265	0.24667	-0.059905	0.2664	0
0.027	0.24667	-0.059905	0.27134	0
0.0275	0.26076	-0.059905	0.27627	0
0.028	0.26429	-0.059905	0.2812	0
0.0285	0.26429	-0.066953	0.28614	0
0.029	0.26429	-0.066953	0.29107	0
0.0295	0.26429	-0.070477	0.296	0
0.03	0.26429	-0.059905	0.30094	0
0.0305	0.26429	-0.052858	0.30587	0
0.031	0.26429	-0.052858	0.3108	0
0.0315	0.26429	-0.052858	0.31574	0
0.032	0.28191	-0.052858	0.32067	0
0.0325	0.29953	-0.052858	0.3256	0
0.033	0.31715	-0.052858	0.33054	0
0.0335	0.31362	-0.052858	0.33547	0
0.034	0.296	-0.059905	0.3404	0
0.0345	0.28191	-0.059905	0.34534	0
0.035	0.28896	-0.052858	0.35027	0
0.0355	0.28896	-0.042286	0.3552	0
0.036	0.29953	-0.024667	0.36014	0
0.0365	0.29953	-0.017619	0.36507	0
0.037	0.30657	-0.031715	0.37	0
0.0375	0.31362	-0.049334	0.37494	0
0.038	0.31715	-0.066953	0.37987	0
0.0385	0.32419	-0.052858	0.3848	0
0.039	0.33124	-0.042286	0.38974	0
0.0395	0.33477	-0.049334	0.39467	0
0.04	0.33124	-0.059905	0.3996	0
0.0405	0.32419	-0.059905	0.40454	0
0.041	0.31715	-0.049334	0.40947	0
0.0415	0.31362	-0.024667	0.4144	0
0.042	0.31362	-0.017619	0.41934	0
0.0425	0.30657	-0.014095	0.42427	0
0.043	0.30657	-0.017619	0.4292	0
0.0435	0.30657	-0.017619	0.43414	0
0.044	0.31362	-0.014095	0.43907	0
0.0445	0.32419	-0.017619	0.444	0
0.045	0.33477	-0.024667	0.44894	0
0.0455	0.33477	-0.042286	0.45387	0
0.046	0.34181	-0.052858	0.4588	0
0.0465	0.34181	-0.059905	0.46374	0
0.047	0.34181	-0.059905	0.46867	0
0.0475	0.34181	-0.052858	0.4736	0
0.048	0.33477	-0.042286	0.47854	0
0.0485	0.33477	-0.042286	0.48347	0
0.049	0.33477	-0.042286	0.4884	0
0.0495	0.33477	-0.035238	0.49334	0
0.05	0.34886	-0.035238	0.49827	0
0.0505	0.35943	-0.031715	0.5032	0
0.051	0.37	-0.031715	0.50814	0
0.0515	0.37705	-0.024667	0.51307	0
0.052	0.37705	-0.017619	0.518	0
0.0525	0.37	-0.024667	0.52294	0
0.053	0.35943	-0.035238	0.52787	0
0.0535	0.34181	-0.052858	0.5328	0
0.054	0.34181	-0.059905	0.53774	0
0.0545	0.35238	-0.049334	0.54267	0
0.055	0.35943	-0.035238	0.54761	0
0.0555	0.37705	-0.024667	0.55254	0
0.056	0.38762	-0.024667	0.55747	0
0.0565	0.40172	-0.024667	0.56241	0
0.057	0.40172	-0.031715	0.56734	0
0.0575	0.40524	-0.031715	0.57227	0
0.058	0.40172	-0.031715	0.57721	0
0.0585	0.40172	-0.031715	0.58214	0
0.059	0.39467	-0.031715	0.58707	0
0.0595	0.39467	-0.024667	0.59201	0
0.06	0.38762	-0.017619	0.59694	0
0.0605	0.38762	-0.017619	0.60187	0
0.061	0.38762	-0.024667	0.60681	0
0.0615	0.39467	-0.035238	0.61174	0
0.062	0.40172	-0.042286	0.61667	0
0.0625	0.39467	-0.035238	0.62161	0
0.063	0.38762	-0.031715	0.62654	0
0.0635	0.38762	-0.024667	0.63147	0
0.064	0.38762	-0.035238	0.63641	0
0.0645	0.38762	-0.042286	0.64134	0
0.065	0.39467	-0.052858	0.64627	0
0.0655	0.39467	-0.052858	0.65121	0
0.066	0.39467	-0.052858	0.65614	0
0.0665	0.40172	-0.059905	0.66107	0
0.067	0.40524	-0.066953	0.66601	0
0.0675	0.40524	-0.052858	0.67094	0
0.068	0.42286	-0.049334	0.67587	0
0.0685	0.44753	-0.042286	0.68081	0
0.069	0.46515	-0.049334	0.68574	0
0.0695	0.45458	-0.052858	0.69067	0
0.07	0.44048	-0.059905	0.69561	0
0.0705	0.43696	-0.066953	0.70054	0
0.071	0.44048	-0.066953	0.70547	0
0.0715	0.44753	-0.059905	0.71041	0
0.072	0.4581	-0.052858	0.71534	0
0.0725	0.4581	-0.052858	0.72027	0
0.073	0.46515	-0.052858	0.72521	0
0.0735	0.46515	-0.059905	0.73014	0
0.074	0.4581	-0.070477	0.73507	0
0.0745	0.45458	-0.070477	0.74001	0
0.075	0.44753	-0.070477	0.74494	0
0.0755	0.44753	-0.070477	0.74987	0
0.076	0.45458	-0.070477	0.75481	0
0.0765	0.4581	-0.070477	0.75974	0
0.077	0.46515	-0.066953	0.76467	0
0.0775	0.47572	-0.059905	0.76961	0
0.078	0.46515	-0.052858	0.77454	0
0.0785	0.4581	-0.049334	0.77947	0
0.079	0.44753	-0.042286	0.78441	0
0.0795	0.44048	-0.049334	0.78934	0
0.08	0.44048	-0.052858	0.79427	0
0.0805	0.44048	-0.059905	0.79921	0
0.081	0.44753	-0.066953	0.80414	0
0.0815	0.4581	-0.070477	0.80907	0
0.082	0.46515	-0.059905	0.81401	0
0.0825	0.47572	-0.042286	0.81894	0
0.083	0.47572	-0.035238	0.82387	0
0.0835	0.47572	-0.042286	0.82881	0
0.084	0.47572	-0.052858	0.83374	0
0.0845	0.47572	-0.052858	0.83867	0
0.085	0.48277	-0.052858	0.84361	0
0.0855	0.49334	-0.042286	0.84854	0
0.086	0.49334	-0.042286	0.85347	0
0.0865	0.48277	-0.042286	0.85841	0
0.087	0.47572	-0.042286	0.86334	0
0.0875	0.48277	-0.042286	0.86827	0
0.088	0.49334	-0.042286	0.87321	0
0.0885	0.49334	-0.042286	0.87814	0
0.089	0.48277	-0.031715	0.88307	0
0.0895	0.48277	-0.024667	0.88801	0
0.09	0.49334	-0.0070477	0.89294	0
0.0905	0.49334	-0.0070477	0.89788	0
0.091	0.49334	-0.0070477	0.90281	0
0.0915	0.48981	-0.014095	0.90774	0
0.092	0.49334	-0.031715	0.91268	0
0.0925	0.48981	-0.049334	0.91761	0
0.093	0.48277	-0.059905	0.92254	0
0.0935	0.48277	-0.059905	0.92748	0
0.094	0.49334	-0.059905	0.93241	0
0.0945	0.50743	-0.042286	0.93734	0
0.095	0.518	-0.031715	0.94228	0
0.0955	0.53562	-0.024667	0.94721	0
0.096	0.53562	-0.035238	0.95214	0
0.0965	0.52858	-0.052858	0.95708	0
0.097	0.52505	-0.052858	0.96201	0
0.0975	0.518	-0.049334	0.96694	0
0.098	0.518	-0.049334	0.97188	0
0.0985	0.51096	-0.049334	0.97681	0
0.099	0.51096	-0.052858	0.98174	0
0.0995	0.51096	-0.052858	0.98668	0
0.1	0.518	-0.049334	0.99161	0
0.1005	0.52858	-0.035238	0.99654	0
0.101	0.53562	-0.024667	1.0015	0
0.1015	0.52858	-0.031715	1.0064	0
0.102	0.518	-0.031715	1.0113	0
0.1025	0.51096	-0.031715	1.0163	0
0.103	0.51096	-0.024667	1.0212	0
0.1035	0.518	-0.017619	1.0261	0
0.104	0.52505	-0.024667	1.0311	0
0.1045	0.52858	-0.024667	1.036	0
0.105	0.52858	-0.031715	1.0409	0
0.1055	0.52858	-0.035238	1.0459	0
0.106	0.52858	-0.049334	1.0508	0
0.1065	0.52858	-0.052858	1.0557	0
0.107	0.52858	-0.059905	1.0607	0
0.1075	0.52505	-0.059905	1.0656	0
0.108	0.52858	-0.059905	1.0705	0
0.1085	0.52858	-0.052858	1.0755	0
0.109	0.52858	-0.042286	1.0804	0
0.1095	0.53562	-0.017619	1.0853	0
0.11	0.53562	-0.0070477	1.0903	0
0.1105	0.55324	-0	1.0952	0
0.111	0.56381	-0.0070477	1.1001	0
0.1115	0.57086	-0.017619	1.1051	0
0.112	0.57086	-0.024667	1.11	0
0.1125	0.57086	-0.035238	1.1149	0
0.113	0.56381	-0.042286	1.1199	0
0.1135	0.56381	-0.042286	1.1248	0
0.114	0.56381	-0.035238	1.1297	0
0.1145	0.56381	-0.017619	1.1347	0
0.115	0.56029	-0.017619	1.1396	0
0.1155	0.56029	-0.024667	1.1445	0
0.116	0.55324	-0.035238	1.1495	0
0.1165	0.55324	-0.035238	1.1544	0
0.117	0.55324	-0.035238	1.1593	0
0.1175	0.56029	-0.035238	1.1643	0
0.118	0.57086	-0.035238	1.1692	0
0.1185	0.57791	-0.042286	1.1741	0
0.119	0.57086	-0.042286	1.1791	0
0.1195	0.57086	-0.042286	1.184	0
0.12	0.57791	-0.042286	1.1889	0
0.1205	0.57791	-0.042286	1.1939	0
0.121	0.57086	-0.031715	1.1988	0
0.1215	0.56381	-0.017619	1.2037	0
0.122	0.56029	-0.0070477	1.2087	0
0.1225	0.56381	-0.014095	1.2136	0
0.123	0.57086	-0.017619	1.2185	0
0.1235	0.57791	-0.024667	1.2235	0
0.124	0.57086	-0.035238	1.2284	0
0.1245	0.57086	-0.042286	1.2333	0
0.125	0.57791	-0.035238	1.2383	0
0.1255	0.57086	-0.031715	1.2432	0
0.126	0.57086	-0.031715	1.2481	0
0.1265	0.57086	-0.024667	1.2531	0
0.127	0.58143	-0.017619	1.258	0
0.1275	0.59553	-0.014095	1.2629	0
0.128	0.59905	-0	1.2679	0
0.1285	0.59905	0.0035238	1.2728	0
0.129	0.59905	-0	1.2777	0
0.1295	0.59905	-0.0070477	1.2827	0
0.13	0.59905	-0.014095	1.2876	0
0.1305	0.59905	-0.014095	1.2925	0
0.131	0.59553	-0.017619	1.2975	0
0.1315	0.6061	-0.024667	1.3024	0
0.132	0.62372	-0.024667	1.3073	0
0.1325	0.65191	-0.031715	1.3123	0
0.133	0.65896	-0.031715	1.3172	0
0.1335	0.65896	-0.017619	1.3221	0
0.134	0.65896	-0.0070477	1.3271	0
0.1345	0.65191	-0.0070477	1.332	0
0.135	0.65191	-0.017619	1.3369	0
0.1355	0.65191	-0.024667	1.3419	0
0.136	0.65896	-0.017619	1.3468	0
0.1365	0.65896	-0.017619	1.3517	0
0.137	0.66601	-0.017619	1.3567	0
0.1375	0.66601	-0.017619	1.3616	0
0.138	0.66601	-0.024667	1.3665	0
0.1385	0.66601	-0.024667	1.3715	0
0.139	0.66601	-0.024667	1.3764	0
0.1395	0.66953	-0.017619	1.3813	0
0.14	0.68715	-0.0070477	1.3863	0
0.1405	0.70124	0.0035238	1.3912	0
0.141	0.71182	0.017619	1.3961	0
0.1415	0.70477	0.010572	1.4011	0
0.142	0.70124	0.017619	1.406	0
0.1425	0.6942	0.017619	1.4109	0
0.143	0.70477	0.017619	1.4159	0
0.1435	0.71182	0.017619	1.4208	0
0.144	0.72944	0.010572	1.4257	0
0.1445	0.72239	0.0035238	1.4307	0
0.145	0.72944	-0	1.4356	0
0.1455	0.74001	-0	1.4405	0
0.146	0.74705	-0.014095	1.4455	0
0.1465	0.74705	-0.024667	1.4504	0
0.147	0.74705	-0.035238	1.4553	0
0.1475	0.74705	-0.035238	1.4603	0
0.148	0.7541	-0.031715	1.4652	0
0.1485	0.7541	-0.024667	1.4701	0
0.149	0.74705	-0.017619	1.4751	0
0.1495	0.74001	-0.0070477	1.48	0
0.15	0.74001	-0	1.4849	0
0.1505	0.72944	0.0035238	1.4899	0
0.151	0.74705	0.0035238	1.4948	0
0.1515	0.76467	-0	1.4997	0
0.152	0.76467	-0	1.5047	0
0.1525	0.7541	-0.0070477	1.5096	0
0.153	0.7541	-0.0070477	1.5145	0
0.1535	0.76467	-0.014095	1.5195	0
0.154	0.78229	-0.017619	1.5244	0
0.1545	0.78229	-0.024667	1.5293	0
0.155	0.78229	-0.031715	1.5343	0
0.1555	0.78934	-0.017619	1.5392	0
0.156	0.79286	0.0035238	1.5441	0
0.1565	0.79991	0.017619	1.5491	0
0.157	0.79991	0.010572	1.554	0
0.1575	0.79286	-0.0070477	1.5589	0
0.158	0.79286	-0.017619	1.5639	0
0.1585	0.79991	-0.031715	1.5688	0
0.159	0.79991	-0.035238	1.5737	0
0.1595	0.80696	-0.031715	1.5787	0
0.16	0.81048	-0.014095	1.5836	0
0.1605	0.81048	-0	1.5885	0
0.161	0.80696	0.010572	1.5935	0
0.1615	0.79991	0.0035238	1.5984	0
0.162	0.80696	0.0035238	1.6033	0
0.1625	0.81753	0.010572	1.6083	0
0.163	0.8281	0.021143	1.6132	0
0.1635	0.8281	0.035238	1.6181	0
0.164	0.8281	0.038762	1.6231	0
0.1645	0.84572	0.035238	1.628	0
0.165	0.85982	0.028191	1.6329	0
0.1655	0.87039	0.021143	1.6379	0
0.166	0.87744	0.028191	1.6428	0
0.1665	0.87039	0.035238	1.6477	0
0.167	0.87039	0.028191	1.6527	0
0.1675	0.87039	0.028191	1.6576	0
0.168	0.87039	0.028191	1.6625	0
0.1685	0.87039	0.035238	1.6675	0
0.169	0.87039	0.028191	1.6724	0
0.1695	0.87039	0.021143	1.6773	0
0.17	0.87039	0.017619	1.6823	0
0.1705	0.87039	0.017619	1.6872	0
0.171	0.87744	0.010572	1.6921	0
0.1715	0.88096	0.010572	1.6971	0
0.172	0.88096	0.010572	1.702	0
0.1725	0.87744	0.017619	1.7069	0
0.173	0.87039	0.017619	1.7119	0
0.1735	0.87039	0.021143	1.7168	0
0.174	0.88096	0.028191	1.7217	0
0.1745	0.89506	0.028191	1.7267	0
0.175	0.91268	0.028191	1.7316	0
0.1755	0.92325	0.028191	1.7365	0
0.176	0.93029	0.028191	1.7415	0
0.1765	0.93382	0.021143	1.7464	0
0.177	0.94791	0.028191	1.7513	0
0.1775	0.95849	0.038762	1.7563	0
0.178	0.95849	0.052858	1.7612	0
0.1785	0.96906	0.052858	1.7661	0
0.179	0.96906	0.038762	1.7711	0
0.1795	0.9761	0.028191	1.776	0
0.18	0.9761	0.028191	1.7809	0
0.1805	0.96906	0.035238	1.7859	0
0.181	0.95849	0.035238	1.7908	0
0.1815	0.9761	0.028191	1.7958	0
0.182	0.99372	0.028191	1.8007	0
0.1825	1.0113	0.028191	1.8056	0
0.183	1.0184	0.035238	1.8106	0
0.1835	1.0395	0.035238	1.8155	0
0.184	1.0572	0.017619	1.8204	0
0.1845	1.0748	0.0035238	1.8254	0
0.185	1.0642	0.010572	1.8303	0
0.1855	1.0712	0.021143	1.8352	0
0.186	1.0748	0.035238	1.8402	0
0.1865	1.0889	0.038762	1.8451	0
0.187	1.0818	0.04581	1.85	0
0.1875	1.0924	0.056381	1.855	0
0.188	1.0994	0.074001	1.8599	0
0.1885	1.1065	0.074001	1.8648	0
0.189	1.1065	0.063429	1.8698	0
0.1895	1.1065	0.04581	1.8747	0
0.19	1.1171	0.04581	1.8796	0
0.1905	1.1347	0.04581	1.8846	0
0.191	1.1417	0.04581	1.8895	0
0.1915	1.1347	0.04581	1.8944	0
0.192	1.1347	0.038762	1.8994	0
0.1925	1.1452	0.052858	1.9043	0
0.193	1.1593	0.063429	1.9092	0
0.1935	1.1593	0.074001	1.9142	0
0.194	1.1523	0.070477	1.9191	0
0.1945	1.1523	0.063429	1.924	0
0.195	1.1593	0.063429	1.929	0
0.1955	1.1699	0.081048	1.9339	0
0.196	1.1805	0.098668	1.9388	0
0.1965	1.1875	0.10924	1.9438	0
0.197	1.1981	0.098668	1.9487	0
0.1975	1.1981	0.081048	1.9536	0
0.198	1.1981	0.074001	1.9586	0
0.1985	1.2052	0.081048	1.9635	0
0.199	1.2157	0.074001	1.9684	0
0.1995	1.2157	0.074001	1.9734	0
0.2	1.2228	0.074001	1.9783	0
0.2005	1.2298	0.070477	1.9832	0
0.201	1.251	0.063429	1.9882	0
0.2015	1.2686	0.056381	1.9931	0
0.202	1.2862	0.056381	1.998	0
0.2025	1.2933	0.063429	2.003	0
0.203	1.2933	0.063429	2.0079	0
0.2035	1.2933	0.063429	2.0128	0
0.204	1.2933	0.070477	2.0178	0
0.2045	1.2933	0.063429	2.0227	0
0.205	1.2933	0.063429	2.0276	0
0.2055	1.3038	0.063429	2.0326	0
0.206	1.3109	0.063429	2.0375	0
0.2065	1.3179	0.070477	2.0424	0
0.207	1.3109	0.056381	2.0474	0
0.2075	1.3214	0.052858	2.0523	0
0.208	1.3214	0.056381	2.0572	0
0.2085	1.3285	0.070477	2.0622	0
0.209	1.3285	0.070477	2.0671	0
0.2095	1.3285	0.056381	2.072	0
0.21	1.3285	0.052858	2.077	0
0.2105	1.3285	0.052858	2.0819	0
0.211	1.3285	0.063429	2.0868	0
0.2115	1.3355	0.063429	2.0918	0
0.212	1.3461	0.063429	2.0967	0
0.2125	1.3637	0.063429	2.1016	0
0.213	1.3743	0.056381	2.1066	0
0.2135	1.3813	0.052858	2.1115	0
0.214	1.3884	0.052858	2.1164	0
0.2145	1.3884	0.052858	2.1214	0
0.215	1.3884	0.052858	2.1263	0
0.2155	1.3919	0.052858	2.1312	0
0.216	1.3919	0.063429	2.1362	0
0.2165	1.406	0.052858	2.1411	0
0.217	1.4236	0.04581	2.146	0
0.2175	1.4413	0.035238	2.151	0
0.218	1.4448	0.04581	2.1559	0
0.2185	1.4448	0.052858	2.1608	0
0.219	1.4518	0.052858	2.1658	0
0.2195	1.4694	0.035238	2.1707	0
0.22	1.48	0.021143	2.1756	0
0.2205	1.5047	0.017619	2.1806	0
0.221	1.5223	0.021143	2.1855	0
0.2215	1.547	0.021143	2.1904	0
0.222	1.5752	0.028191	2.1954	0
0.2225	1.6033	0.028191	2.2003	0
0.223	1.6456	0.021143	2.2052	0
0.2235	1.6879	0.017619	2.2102	0
0.224	1.7443	0.010572	2.2151	0
0.2245	1.7972	0.010572	2.22	0
0.225	1.85	0.010572	2.225	0
0.2255	1.9029	0.010572	2.2299	0
0.226	1.9522	0.010572	2.2348	0
0.2265	2.0156	0.028191	2.2398	0
0.227	2.0685	0.04581	2.2447	0
0.2275	2.146	0.052858	2.2496	0
0.228	2.2024	0.052858	2.2546	0
0.2285	2.2623	0.035238	2.2595	0
0.229	2.287	0.028191	2.2644	0
0.2295	2.3398	0.017619	2.2694	0
0.23	2.3856	0.017619	2.2743	0
0.2305	2.4315	0.010572	2.2792	0
0.231	2.4561	-0	2.2842	0
0.2315	2.4914	-0.014095	2.2891	0
0.232	2.5266	-0.017619	2.294	0
0.2325	2.5336	-0.017619	2.299	0
0.233	2.5442	-0.024667	2.3039	0
0.2335	2.5618	-0.024667	2.3088	0
0.234	2.5618	-0.035238	2.3138	0
0.2345	2.5548	-0.042286	2.3187	0
0.235	2.5442	-0.024667	2.3236	0
0.2355	2.5442	-0.0070477	2.3286	0
0.236	2.5442	-0.0070477	2.3335	0
0.2365	2.5372	-0.024667	2.3384	0
0.237	2.5195	-0.035238	2.3434	0
0.2375	2.5019	-0.035238	2.3483	0
0.238	2.4914	-0.035238	2.3532	0
0.2385	2.4914	-0.031715	2.3582	0
0.239	2.4843	-0.031715	2.3631	0
0.2395	2.4667	-0.042286	2.368	0
0.24	2.4491	-0.049334	2.373	0
0.2405	2.4315	-0.052858	2.3779	0
0.241	2.4315	-0.059905	2.3828	0
0.2415	2.4209	-0.070477	2.3878	0
0.242	2.4138	-0.077525	2.3927	0
0.2425	2.4138	-0.070477	2.3976	0
0.243	2.4138	-0.066953	2.4026	0
0.2435	2.4103	-0.070477	2.4075	0
0.244	2.4033	-0.070477	2.4124	0
0.2445	2.4033	-0.066953	2.4174	0
0.245	2.4033	-0.052858	2.4223	0
0.2455	2.4033	-0.052858	2.4272	0
0.246	2.4033	-0.066953	2.4322	0
0.2465	2.4033	-0.077525	2.4371	0
0.247	2.4103	-0.070477	2.442	0
0.2475	2.4138	-0.066953	2.447	0
0.248	2.4138	-0.066953	2.4519	0
0.2485	2.4209	-0.066953	2.4568	0
0.249	2.4209	-0.066953	2.4618	0
0.2495	2.4209	-0.059905	2.4667	0
0.25	2.4209	-0.066953	2.4716	0
0.2505	2.4279	-0.066953	2.4766	0
0.251	2.4209	-0.066953	2.4815	0
0.2515	2.4103	-0.070477	2.4864	0
0.252	2.3962	-0.077525	2.4914	0
0.2525	2.3962	-0.077525	2.4963	0
0.253	2.3927	-0.077525	2.5012	0
0.2535	2.3927	-0.070477	2.5062	0
0.254	2.4138	-0.070477	2.5111	0
0.2545	2.4455	-0.070477	2.516	0
0.255	2.4561	-0.070477	2.521	0
0.2555	2.4385	-0.077525	2.5259	0
0.256	2.4209	-0.070477	2.5308	0
0.2565	2.4209	-0.070477	2.5358	0
0.257	2.4385	-0.059905	2.5407	0
0.2575	2.4491	-0.059905	2.5456	0
0.258	2.4667	-0.052858	2.5506	0
0.2585	2.4632	-0.052858	2.5555	0
0.259	2.4843	-0.052858	2.5604	0
0.2595	2.5019	-0.049334	2.5654	0
0.26	2.5195	-0.042286	2.5703	0
0.2605	2.509	-0.042286	2.5752	0
0.261	2.5019	-0.042286	2.5802	0
0.2615	2.509	-0.035238	2.5851	0
0.262	2.509	-0.035238	2.59	0
0.2625	2.5195	-0.035238	2.595	0
0.263	2.5372	-0.035238	2.5999	0
0.2635	2.5548	-0.035238	2.6048	0
0.264	2.5618	-0.024667	2.6098	0
0.2645	2.5618	-0.024667	2.6147	0
0.265	2.5618	-0.017619	2.6196	0
0.2655	2.5618	-0.014095	2.6246	0
0.266	2.5618	-0.0070477	2.6295	0
0.2665	2.5724	-0.0070477	2.6344	0
0.267	2.5724	-0.0070477	2.6394	0
0.2675	2.5795	-0.0070477	2.6443	0
0.268	2.5795	-0.0070477	2.6492	0
0.2685	2.5724	-0.0070477	2.6542	0
0.269	2.5724	-0.0070477	2.6591	0
0.2695	2.5795	-0.0070477	2.664	0
0.27	2.5971	-0.0070477	2.669	0
0.2705	2.6217	-0	2.6739	0
0.271	2.6323	0.0035238	2.6788	0
0.2715	2.6429	0.010572	2.6838	0
0.272	2.6429	0.010572	2.6887	0
0.2725	2.6429	-0.0070477	2.6936	0
0.273	2.6394	-0.017619	2.6986	0
0.2735	2.6394	-0.035238	2.7035	0
0.274	2.6499	-0.035238	2.7084	0
0.2745	2.657	-0.024667	2.7134	0
0.275	2.6605	-0.0070477	2.7183	0
0.2755	2.6675	0.0035238	2.7232	0
0.276	2.6675	-0	2.7282	0
0.2765	2.6852	-0	2.7331	0
0.277	2.7028	-0	2.738	0
0.2775	2.7134	0.0035238	2.743	0
0.278	2.7134	0.0035238	2.7479	0
0.2785	2.7204	0.0035238	2.7528	0
0.279	2.731	-0	2.7578	0
0.2795	2.738	-0	2.7627	0
0.28	2.7451	-0	2.7676	0
0.2805	2.7486	0.010572	2.7726	0
0.281	2.7627	0.017619	2.7775	0
0.2815	2.7627	0.021143	2.7824	0
0.282	2.7627	0.017619	2.7874	0
0.2825	2.7556	-0	2.7923	0
0.283	2.7627	-0.014095	2.7972	0
0.2835	2.7803	-0.014095	2.8022	0
0.284	2.7979	-0.017619	2.8071	0
0.2845	2.8085	-0.017619	2.812	0
0.285	2.8085	-0.014095	2.817	0
0.2855	2.8085	-0.014095	2.8219	0
0.286	2.8015	-0.0070477	2.8268	0
0.2865	2.8015	-0.0070477	2.8318	0
0.287	2.8015	-0.014095	2.8367	0
0.2875	2.8156	-0.017619	2.8416	0
0.288	2.8261	-0.017619	2.8466	0
0.2885	2.8332	-0.024667	2.8515	0
0.289	2.8437	-0.024667	2.8564	0
0.2895	2.8508	-0.024667	2.8614	0
0.29	2.8684	-0.024667	2.8663	0
0.2905	2.879	-0.031715	2.8712	0
0.291	2.879	-0.031715	2.8762	0
0.2915	2.879	-0.031715	2.8811	0
0.292	2.8896	-0.035238	2.886	0
0.2925	2.8966	-0.035238	2.891	0
0.293	2.9142	-0.031715	2.8959	0
0.2935	2.9318	-0.024667	2.9008	0
0.294	2.9495	-0.024667	2.9058	0
0.2945	2.96	-0.017619	2.9107	0
0.295	2.9671	-0.0070477	2.9156	0
0.2955	2.9565	-0	2.9206	0
0.296	2.9424	-0	2.9255	0
0.2965	2.9424	-0.0070477	2.9304	0
0.297	2.96	-0	2.9354	0
0.2975	2.9776	0.010572	2.9403	0
0.298	2.9671	0.017619	2.9452	0
0.2985	2.9776	0.017619	2.9502	0
0.299	2.9917	0.017619	2.9551	0
0.2995	3.0023	0.017619	2.96	0
0.3	2.9953	0.028191	2.965	0
0.3005	3.0023	0.035238	2.9699	0
0.301	3.0023	0.035238	2.9748	0
0.3015	3.0129	0.038762	2.9798	0
0.302	3.0129	0.04581	2.9847	0
0.3025	3.0129	0.052858	2.9896	0
0.303	3.0305	0.052858	2.9946	0
0.3035	3.0446	0.035238	2.9995	0
0.304	3.0552	0.010572	3.0044	0
0.3045	3.0552	-0.0070477	3.0094	0
0.305	3.0481	-0	3.0143	0
0.3055	3.0481	0.010572	3.0192	0
0.306	3.0481	0.021143	3.0242	0
0.3065	3.0481	0.028191	3.0291	0
0.307	3.0481	0.028191	3.034	0
0.3075	3.0657	0.028191	3.039	0
0.308	3.0904	0.035238	3.0439	0
0.3085	3.1151	0.035238	3.0488	0
0.309	3.1151	0.035238	3.0538	0
0.3095	3.108	0.035238	3.0587	0
0.31	3.108	0.028191	3.0636	0
0.3105	3.108	0.028191	3.0686	0
0.311	3.1186	0.028191	3.0735	0
0.3115	3.1362	0.021143	3.0784	0
0.312	3.1538	0.017619	3.0834	0
0.3125	3.1538	0.017619	3.0883	0
0.313	3.1538	0.017619	3.0932	0
0.3135	3.1609	0.021143	3.0982	0
0.314	3.1715	0.028191	3.1031	0
0.3145	3.1856	0.028191	3.108	0
0.315	3.1961	0.028191	3.113	0
0.3155	3.2067	0.021143	3.1179	0
0.316	3.2137	0.017619	3.1228	0
0.3165	3.2067	0.010572	3.1278	0
0.317	3.2067	0.010572	3.1327	0
0.3175	3.2067	0.0035238	3.1376	0
0.318	3.2137	0.0035238	3.1426	0
0.3185	3.2208	0.010572	3.1475	0
0.319	3.2314	0.021143	3.1524	0
0.3195	3.2419	0.017619	3.1574	0
0.32	3.2419	0.010572	3.1623	0
0.3205	3.2419	-0	3.1672	0
0.321	3.2419	0.010572	3.1722	0
0.3215	3.2419	0.017619	3.1771	0
0.322	3.249	0.028191	3.182	0
0.3225	3.2736	0.010572	3.187	0
0.323	3.2842	-0.0070477	3.1919	0
0.3235	3.3089	-0.014095	3.1968	0
0.324	3.3195	-0	3.2018	0
0.3245	3.33	0.010572	3.2067	0
0.325	3.3371	0.010572	3.2116	0
0.3255	3.3441	0.0035238	3.2166	0
0.326	3.3441	-0	3.2215	0
0.3265	3.3371	-0.0070477	3.2264	0
0.327	3.33	-0.014095	3.2314	0
0.3275	3.3371	-0.017619	3.2363	0
0.328	3.3547	-0.024667	3.2412	0
0.3285	3.3794	-0.017619	3.2462	0
0.329	3.3829	-0.0070477	3.2511	0
0.3295	3.3829	-0	3.256	0
0.33	3.397	-0	3.261	0
0.3305	3.4005	-0	3.2659	0
0.331	3.4181	-0	3.2708	0
0.3315	3.4252	-0.0070477	3.2758	0
0.332	3.4076	-0.0070477	3.2807	0
0.3325	3.3899	-0.0070477	3.2856	0
0.333	3.3653	-0.0070477	3.2906	0
0.3335	3.3653	-0.017619	3.2955	0
0.334	3.3723	-0.024667	3.3004	0
0.3345	3.3794	-0.024667	3.3054	0
0.335	3.3899	-0.017619	3.3103	0
0.3355	3.4005	-0.0070477	3.3152	0
0.336	3.4005	-0	3.3202	0
0.3365	3.4076	-0	3.3251	0
0.337	3.4005	-0	3.33	0
0.3375	3.4005	-0	3.335	0
0.338	3.4005	-0	3.3399	0
0.3385	3.4076	-0	3.3448	0
0.339	3.4181	0.0035238	3.3498	0
0.3395	3.4181	0.010572	3.3547	0
0.34	3.4252	0.017619	3.3596	0
0.3405	3.4322	0.021143	3.3646	0
0.341	3.4357	0.028191	3.3695	0
0.3415	3.4534	0.035238	3.3744	0
0.342	3.4534	0.028191	3.3794	0
0.3425	3.4604	0.021143	3.3843	0
0.343	3.4534	0.010572	3.3892	0
0.3435	3.4534	0.0035238	3.3942	0
0.344	3.4534	-0	3.3991	0
0.3445	3.4534	-0.0070477	3.404	0
0.345	3.4604	-0.0070477	3.409	0
0.3455	3.471	-0.017619	3.4139	0
0.346	3.478	-0.017619	3.4188	0
0.3465	3.4886	-0.031715	3.4238	0
0.347	3.5062	-0.035238	3.4287	0
0.3475	3.5203	-0.042286	3.4336	0
0.348	3.5238	-0.035238	3.4386	0
0.3485	3.5238	-0.024667	3.4435	0
0.349	3.5238	-0.014095	3.4484	0
0.3495	3.5238	-0.0070477	3.4534	0
0.35	3.5238	-0	3.4583	0
0.3505	3.5379	0.0035238	3.4632	0
0.351	3.5485	-0	3.4682	0
0.3515	3.5591	-0.0070477	3.4731	0
0.352	3.5591	-0.014095	3.478	0
0.3525	3.5591	-0.014095	3.483	0
0.353	3.5591	-0	3.4879	0
0.3535	3.5661	0.010572	3.4928	0
0.354	3.5767	0.017619	3.4978	0
0.3545	3.5837	0.017619	3.5027	0
0.355	3.5943	0.017619	3.5076	0
0.3555	3.5908	0.017619	3.5126	0
0.356	3.5837	0.010572	3.5175	0
0.3565	3.5837	0.010572	3.5224	0
0.357	3.5943	0.010572	3.5274	0
0.3575	3.6014	0.0035238	3.5323	0
0.358	3.619	-0.0070477	3.5372	0
0.3585	3.619	-0.017619	3.5422	0
0.359	3.626	-0.017619	3.5471	0
0.3595	3.626	-0	3.552	0
0.36	3.6296	0.010572	3.557	0
0.3605	3.6296	0.010572	3.5619	0
0.361	3.6296	0.0035238	3.5668	0
0.3615	3.6472	0.0035238	3.5718	0
0.362	3.6648	0.0035238	3.5767	0
0.3625	3.6824	-0	3.5816	0
0.363	3.6824	-0.0070477	3.5866	0
0.3635	3.6895	-0.017619	3.5915	0
0.364	3.6965	-0.014095	3.5964	0
0.3645	3.7071	-0	3.6014	0
0.365	3.7071	-0	3.6063	0
0.3655	3.7177	0.010572	3.6112	0
0.366	3.7177	0.010572	3.6162	0
0.3665	3.7247	-0.0070477	3.6211	0
0.367	3.7247	-0.017619	3.626	0
0.3675	3.7247	-0.017619	3.631	0
0.368	3.7317	-0	3.6359	0
0.3685	3.7317	0.017619	3.6408	0
0.369	3.7317	0.017619	3.6458	0
0.3695	3.7353	0.010572	3.6507	0
0.37	3.7353	0.0035238	3.6556	0
0.3705	3.7353	0.0035238	3.6606	0
0.371	3.7494	0.010572	3.6655	0
0.3715	3.7599	0.017619	3.6704	0
0.372	3.7705	0.021143	3.6754	0
0.3725	3.7881	0.017619	3.6803	0
0.373	3.8057	0.017619	3.6852	0
0.3735	3.8234	0.010572	3.6902	0
0.374	3.8057	0.017619	3.6951	0
0.3745	3.7952	0.021143	3.7	0
0.375	3.8057	0.035238	3.705	0
0.3755	3.8234	0.035238	3.7099	0
0.376	3.841	0.035238	3.7148	0
0.3765	3.848	0.028191	3.7198	0
0.377	3.848	0.028191	3.7247	0
0.3775	3.841	0.028191	3.7296	0
0.378	3.848	0.021143	3.7346	0
0.3785	3.8657	0.021143	3.7395	0
0.379	3.8657	0.035238	3.7444	0
0.3795	3.8586	0.04581	3.7494	0
0.38	3.848	0.021143	3.7543	0
0.3805	3.848	-0.014095	3.7592	0
0.381	3.8586	-0.049334	3.7642	0
0.3815	3.8762	-0.042286	3.7691	0
0.382	3.9009	-0.042286	3.774	0
0.3825	3.9185	-0.042286	3.779	0
0.383	3.9291	-0.042286	3.7839	0
0.3835	3.9361	-0.035238	3.7888	0
0.384	3.9361	-0.035238	3.7938	0
0.3845	3.9361	-0.024667	3.7987	0
0.385	3.9432	-0.017619	3.8036	0
0.3855	3.9467	-0.017619	3.8086	0
0.386	3.9538	-0.017619	3.8135	0
0.3865	3.9643	-0.024667	3.8184	0
0.387	3.9784	-0.035238	3.8234	0
0.3875	3.9819	-0.035238	3.8283	0
0.388	3.989	-0.035238	3.8332	0
0.3885	3.9996	-0.035238	3.8382	0
0.389	4.0137	-0.035238	3.8431	0
0.3895	4.0348	-0.031715	3.848	0
0.39	4.0489	-0.017619	3.853	0
0.3905	4.0595	-0.0070477	3.8579	0
0.391	4.0595	0.0035238	3.8628	0
0.3915	4.07	0.010572	3.8678	0
0.392	4.0877	-0.014095	3.8727	0
0.3925	4.0947	-0.035238	3.8776	0
0.393	4.0877	-0.035238	3.8826	0
0.3935	4.0771	-0.017619	3.8875	0
0.394	4.0665	-0.0070477	3.8924	0
0.3945	4.07	-0.014095	3.8974	0
0.395	4.0771	-0.017619	3.9023	0
0.3955	4.0947	-0.024667	3.9072	0
0.396	4.1123	-0.035238	3.9122	0
0.3965	4.1123	-0.042286	3.9171	0
0.397	4.1229	-0.035238	3.922	0
0.3975	4.1229	-0.031715	3.927	0
0.398	4.1229	-0.024667	3.9319	0
0.3985	4.1229	-0.024667	3.9368	0
0.399	4.137	-0.035238	3.9418	0
0.3995	4.1476	-0.035238	3.9467	0
0.4	4.1581	-0.042286	3.9516	0
0.4005	4.1722	-0.052858	3.9566	0
0.401	4.1898	-0.059905	3.9615	0
0.4015	4.2075	-0.059905	3.9664	0
0.402	4.2004	-0.049334	3.9714	0
0.4025	4.1934	-0.035238	3.9763	0
0.403	4.1898	-0.031715	3.9812	0
0.4035	4.1898	-0.042286	3.9862	0
0.404	4.1828	-0.059905	3.9911	0
0.4045	4.1758	-0.059905	3.996	0
0.405	4.1758	-0.059905	4.001	0
0.4055	4.1898	-0.052858	4.0059	0
0.406	4.1934	-0.042286	4.0108	0
0.4065	4.2004	-0.052858	4.0158	0
0.407	4.2004	-0.059905	4.0207	0
0.4075	4.2075	-0.077525	4.0256	0
0.408	4.211	-0.084572	4.0306	0
0.4085	4.218	-0.070477	4.0355	0
0.409	4.211	-0.059905	4.0404	0
0.4095	4.211	-0.042286	4.0454	0
0.41	4.218	-0.042286	4.0503	0
0.4105	4.2286	-0.035238	4.0552	0
0.411	4.2357	-0.042286	4.0602	0
0.4115	4.2357	-0.049334	4.0651	0
0.412	4.2357	-0.059905	4.07	0
0.4125	4.2286	-0.059905	4.075	0
0.413	4.2286	-0.059905	4.0799	0
0.4135	4.2286	-0.066953	4.0848	0
0.414	4.2286	-0.070477	4.0898	0
0.4145	4.2357	-0.070477	4.0947	0
0.415	4.2462	-0.070477	4.0996	0
0.4155	4.2462	-0.059905	4.1046	0
0.416	4.2533	-0.052858	4.1095	0
0.4165	4.2533	-0.066953	4.1144	0
0.417	4.2533	-0.077525	4.1194	0
0.4175	4.2533	-0.088096	4.1243	0
0.418	4.2638	-0.077525	4.1292	0
0.4185	4.2709	-0.066953	4.1342	0
0.419	4.2779	-0.052858	4.1391	0
0.4195	4.2709	-0.049334	4.144	0
0.42	4.2709	-0.052858	4.149	0
0.4205	4.2815	-0.059905	4.1539	0
0.421	4.2991	-0.059905	4.1588	0
0.4215	4.2991	-0.059905	4.1638	0
0.422	4.2991	-0.052858	4.1687	0
0.4225	4.2991	-0.042286	4.1736	0
0.423	4.3061	-0.035238	4.1786	0
0.4235	4.3061	-0.031715	4.1835	0
0.424	4.3061	-0.024667	4.1884	0
0.4245	4.3061	-0.017619	4.1934	0
0.425	4.3061	-0.024667	4.1983	0
0.4255	4.3132	-0.031715	4.2032	0
0.426	4.3167	-0.035238	4.2082	0
0.4265	4.3343	-0.042286	4.2131	0
0.427	4.3519	-0.042286	4.218	0
0.4275	4.359	-0.049334	4.223	0
0.428	4.359	-0.042286	4.2279	0
0.4285	4.366	-0.035238	4.2328	0
0.429	4.366	-0.024667	4.2378	0
0.4295	4.3696	-0.017619	4.2427	0
0.43	4.359	-0.031715	4.2476	0
0.4305	4.3519	-0.042286	4.2526	0
0.431	4.3414	-0.052858	4.2575	0
0.4315	4.3414	-0.049334	4.2624	0
0.432	4.3519	-0.035238	4.2674	0
0.4325	4.3696	-0.024667	4.2723	0
0.433	4.3872	-0.042286	4.2772	0
0.4335	4.3942	-0.059905	4.2822	0
0.434	4.3942	-0.070477	4.2871	0
0.4345	4.3942	-0.059905	4.292	0
0.435	4.4119	-0.052858	4.297	0
0.4355	4.4224	-0.052858	4.3019	0
0.436	4.44	-0.059905	4.3068	0
0.4365	4.4471	-0.059905	4.3118	0
0.437	4.4471	-0.059905	4.3167	0
0.4375	4.4541	-0.059905	4.3216	0
0.438	4.4541	-0.070477	4.3266	0
0.4385	4.4471	-0.070477	4.3315	0
0.439	4.44	-0.077525	4.3364	0
0.4395	4.4295	-0.077525	4.3414	0
0.44	4.4471	-0.077525	4.3463	0
0.4405	4.4577	-0.070477	4.3512	0
0.441	4.4753	-0.066953	4.3562	0
0.4415	4.4753	-0.077525	4.3611	0
0.442	4.4753	-0.095144	4.366	0
0.4425	4.4823	-0.10219	4.371	0
0.443	4.4929	-0.095144	4.3759	0
0.4435	4.4929	-0.084572	4.3808	0
0.444	4.4999	-0.070477	4.3858	0
0.4445	4.5105	-0.066953	4.3907	0
0.445	4.5176	-0.077525	4.3956	0
0.4455	4.5176	-0.095144	4.4006	0
0.446	4.5176	-0.095144	4.4055	0
0.4465	4.5176	-0.095144	4.4104	0
0.447	4.5176	-0.077525	4.4154	0
0.4475	4.5281	-0.059905	4.4203	0
0.448	4.5352	-0.049334	4.4252	0
0.4485	4.5352	-0.052858	4.4302	0
0.449	4.5458	-0.052858	4.4351	0
0.4495	4.5528	-0.059905	4.44	0
0.45	4.5599	-0.052858	4.445	0
0.4505	4.5528	-0.049334	4.4499	0
0.451	4.5458	-0.052858	4.4548	0
0.4515	4.5458	-0.059905	4.4598	0
0.452	4.5422	-0.066953	4.4647	0
0.4525	4.5458	-0.066953	4.4696	0
0.453	4.5458	-0.066953	4.4746	0
0.4535	4.5458	-0.066953	4.4795	0
0.454	4.5599	-0.059905	4.4844	0
0.4545	4.5704	-0.059905	4.4894	0
0.455	4.588	-0.052858	4.4943	0
0.4555	4.5951	-0.052858	4.4992	0
0.456	4.5951	-0.049334	4.5042	0
0.4565	4.5951	-0.042286	4.5091	0
0.457	4.5951	-0.049334	4.514	0
0.4575	4.5986	-0.049334	4.519	0
0.458	4.5986	-0.052858	4.5239	0
0.4585	4.6127	-0.066953	4.5288	0
0.459	4.6162	-0.077525	4.5338	0
0.4595	4.6233	-0.088096	4.5387	0
0.46	4.6233	-0.088096	4.5436	0
0.4605	4.6339	-0.088096	4.5486	0
0.461	4.6515	-0.088096	4.5535	0
0.4615	4.6656	-0.088096	4.5584	0
0.462	4.6656	-0.095144	4.5634	0
0.4625	4.6585	-0.10572	4.5683	0
0.463	4.6761	-0.10572	4.5732	0
0.4635	4.6867	-0.10572	4.5782	0
0.464	4.7043	-0.10572	4.5831	0
0.4645	4.7114	-0.10219	4.588	0
0.465	4.7114	-0.095144	4.593	0
0.4655	4.7114	-0.088096	4.5979	0
0.466	4.7184	-0.088096	4.6028	0
0.4665	4.7114	-0.10219	4.6078	0
0.467	4.7043	-0.11276	4.6127	0
0.4675	4.7114	-0.12333	4.6176	0
0.468	4.7219	-0.12333	4.6226	0
0.4685	4.736	-0.12333	4.6275	0
0.469	4.736	-0.12333	4.6324	0
0.4695	4.729	-0.11276	4.6374	0
0.47	4.736	-0.10572	4.6423	0
0.4705	4.736	-0.10572	4.6472	0
0.471	4.736	-0.10219	4.6522	0
0.4715	4.7466	-0.095144	4.6571	0
0.472	4.7642	-0.10572	4.662	0
0.4725	4.7748	-0.12333	4.667	0
0.473	4.7748	-0.14095	4.6719	0
0.4735	4.7819	-0.13743	4.6768	0
0.474	4.7924	-0.12333	4.6818	0
0.4745	4.8065	-0.11981	4.6867	0
0.475	4.8065	-0.13038	4.6916	0
0.4755	4.8065	-0.13038	4.6966	0
0.476	4.81	-0.13038	4.7015	0
0.4765	4.81	-0.13038	4.7064	0
0.477	4.81	-0.13038	4.7114	0
0.4775	4.8065	-0.13038	4.7163	0
0.478	4.8065	-0.13743	4.7212	0
0.4785	4.8277	-0.13743	4.7262	0
0.479	4.8523	-0.13743	4.7311	0
0.4795	4.8629	-0.14095	4.736	0
0.48	4.8523	-0.14095	4.741	0
0.4805	4.8523	-0.14095	4.7459	0
0.481	4.87	-0.13038	4.7508	0
0.4815	4.8876	-0.13743	4.7558	0
0.482	4.8946	-0.14095	4.7607	0
0.4825	4.8981	-0.15505	4.7656	0
0.483	4.8981	-0.15857	4.7706	0
0.4835	4.8981	-0.148	4.7755	0
0.484	4.8981	-0.13743	4.7804	0
0.4845	4.8981	-0.11981	4.7854	0
0.485	4.9052	-0.11981	4.7903	0
0.4855	4.9334	-0.12333	4.7952	0
0.486	4.958	-0.13038	4.8002	0
0.4865	4.9757	-0.13743	4.8051	0
0.487	4.9827	-0.13743	4.81	0
0.4875	4.9757	-0.148	4.815	0
0.488	4.9651	-0.15857	4.8199	0
0.4885	4.9651	-0.17267	4.8248	0
0.489	4.9757	-0.17267	4.8298	0
0.4895	4.9862	-0.17267	4.8347	0
0.49	4.9862	-0.16562	4.8396	0
0.4905	4.9827	-0.15857	4.8446	0
0.491	4.9757	-0.148	4.8495	0
0.4915	4.9757	-0.14095	4.8544	0
0.492	4.9757	-0.14095	4.8594	0
0.4925	5.0003	-0.14095	4.8643	0
0.493	5.0215	-0.14095	4.8692	0
0.4935	5.0461	-0.148	4.8742	0
0.494	5.0461	-0.148	4.8791	0
0.4945	5.0356	-0.15505	4.884	0
0.495	5.0215	-0.15505	4.889	0
0.4955	5.0285	-0.15505	4.8939	0
0.496	5.0391	-0.15505	4.8988	0
0.4965	5.0567	-0.148	4.9038	0
0.497	5.0567	-0.148	4.9087	0
0.4975	5.0567	-0.148	4.9136	0
0.498	5.0638	-0.15505	4.9186	0
0.4985	5.0743	-0.15505	4.9235	0
0.499	5.0814	-0.15857	4.9284	0
0.4995	5.0884	-0.15857	4.9334	0
0.5	5.092	-0.16562	4.9383	0
0.5005	5.092	-0.17619	4.9432	0
0.501	5.092	-0.17619	4.9482	0
0.5015	5.092	-0.17267	4.9531	0
0.502	5.1096	-0.15857	4.958	0
0.5025	5.1342	-0.15505	4.963	0
0.503	5.1448	-0.15505	4.9679	0
0.5035	5.1448	-0.15857	4.9728	0
0.504	5.1448	-0.16562	4.9778	0
0.5045	5.1519	-0.16562	4.9827	0
0.505	5.1624	-0.15505	4.9876	0
0.5055	5.1695	-0.13743	4.9926	0
0.506	5.18	-0.14095	4.9975	0
0.5065	5.1871	-0.15505	5.0024	0
0.507	5.1871	-0.15857	5.0074	0
0.5075	5.1871	-0.148	5.0123	0
0.508	5.1871	-0.148	5.0172	0
0.5085	5.1871	-0.15857	5.0222	0
0.509	5.1871	-0.148	5.0271	0
0.5095	5.2047	-0.13038	5.032	0
0.51	5.2153	-0.11276	5.037	0
0.5105	5.2329	-0.11276	5.0419	0
0.511	5.247	-0.11981	5.0468	0
0.5115	5.2576	-0.12333	5.0518	0
0.512	5.2505	-0.13038	5.0567	0
0.5125	5.2505	-0.13743	5.0616	0
0.513	5.2505	-0.14095	5.0666	0
0.5135	5.247	-0.14095	5.0715	0
0.514	5.2576	-0.13038	5.0764	0
0.5145	5.2822	-0.13038	5.0814	0
0.515	5.3034	-0.11981	5.0863	0
0.5155	5.3034	-0.11276	5.0912	0
0.516	5.3034	-0.12333	5.0962	0
0.5165	5.3034	-0.13743	5.1011	0
0.517	5.3104	-0.14095	5.106	0
0.5175	5.3175	-0.13743	5.111	0
0.518	5.321	-0.13038	5.1159	0
0.5185	5.328	-0.13038	5.1208	0
0.519	5.3386	-0.13038	5.1258	0
0.5195	5.3457	-0.12333	5.1307	0
0.52	5.3457	-0.12333	5.1356	0
0.5205	5.3386	-0.12333	5.1406	0
0.521	5.3351	-0.13038	5.1455	0
0.5215	5.3351	-0.14095	5.1504	0
0.522	5.3457	-0.14095	5.1554	0
0.5225	5.3633	-0.13743	5.1603	0
0.523	5.3739	-0.13038	5.1652	0
0.5235	5.3809	-0.12333	5.1702	0
0.524	5.3809	-0.12333	5.1751	0
0.5245	5.3739	-0.12333	5.18	0
0.525	5.3633	-0.12333	5.185	0
0.5255	5.3527	-0.12333	5.1899	0
0.526	5.3457	-0.12333	5.1948	0
0.5265	5.3739	-0.12333	5.1998	0
0.527	5.4056	-0.13038	5.2047	0
0.5275	5.4161	-0.13038	5.2096	0
0.528	5.3915	-0.12333	5.2146	0
0.5285	5.388	-0.12333	5.2195	0
0.529	5.3985	-0.11981	5.2244	0
0.5295	5.4091	-0.11276	5.2294	0
0.53	5.4091	-0.11981	5.2343	0
0.5305	5.4091	-0.11276	5.2392	0
0.531	5.4091	-0.11276	5.2442	0
0.5315	5.4091	-0.10572	5.2491	0
0.532	5.4091	-0.10572	5.254	0
0.5325	5.4161	-0.10572	5.259	0
0.533	5.4161	-0.10572	5.2639	0
0.5335	5.4232	-0.11276	5.2688	0
0.534	5.4232	-0.10572	5.2738	0
0.5345	5.4161	-0.088096	5.2787	0
0.535	5.4232	-0.070477	5.2836	0
0.5355	5.4338	-0.088096	5.2886	0
0.536	5.4443	-0.10572	5.2935	0
0.5365	5.4443	-0.12333	5.2984	0
0.537	5.4443	-0.11276	5.3034	0
0.5375	5.4443	-0.10219	5.3083	0
0.538	5.4514	-0.095144	5.3132	0
0.5385	5.4443	-0.10219	5.3182	0
0.539	5.4338	-0.10219	5.3231	0
0.5395	5.4232	-0.095144	5.328	0
0.54	5.4338	-0.095144	5.333	0
0.5405	5.4584	-0.088096	5.3379	0
0.541	5.4796	-0.088096	5.3428	0
0.5415	5.4796	-0.088096	5.3478	0
0.542	5.4761	-0.088096	5.3527	0
0.5425	5.4761	-0.095144	5.3576	0
0.543	5.4866	-0.10219	5.3626	0
0.5435	5.4972	-0.10219	5.3675	0
0.544	5.5042	-0.10572	5.3725	0
0.5445	5.4972	-0.11276	5.3774	0
0.545	5.4937	-0.11276	5.3823	0
0.5455	5.4866	-0.095144	5.3873	0
0.546	5.4796	-0.095144	5.3922	0
0.5465	5.4796	-0.10572	5.3971	0
0.547	5.4796	-0.095144	5.4021	0
0.5475	5.4866	-0.070477	5.407	0
0.548	5.4972	-0.059905	5.4119	0
0.5485	5.5042	-0.070477	5.4169	0
0.549	5.5148	-0.077525	5.4218	0
0.5495	5.5289	-0.077525	5.4267	0
0.55	5.5289	-0.070477	5.4317	0
0.5505	5.5289	-0.070477	5.4366	0
0.551	5.5219	-0.088096	5.4415	0
0.5515	5.5219	-0.11276	5.4465	0
0.552	5.5324	-0.14095	5.4514	0
0.5525	5.5395	-0.13038	5.4563	0
0.553	5.5501	-0.12333	5.4613	0
0.5535	5.5501	-0.11276	5.4662	0
0.554	5.5571	-0.10572	5.4711	0
0.5545	5.5677	-0.11276	5.4761	0
0.555	5.5818	-0.11276	5.481	0
0.5555	5.5747	-0.10572	5.4859	0
0.556	5.5853	-0.095144	5.4909	0
0.5565	5.5994	-0.084572	5.4958	0
0.557	5.61	-0.088096	5.5007	0
0.5575	5.61	-0.095144	5.5057	0
0.558	5.6029	-0.095144	5.5106	0
0.5585	5.6205	-0.10219	5.5155	0
0.559	5.6276	-0.10219	5.5205	0
0.5595	5.6452	-0.095144	5.5254	0
0.56	5.6558	-0.088096	5.5303	0
0.5605	5.6558	-0.088096	5.5353	0
0.561	5.6558	-0.088096	5.5402	0
0.5615	5.6558	-0.095144	5.5451	0
0.562	5.6699	-0.088096	5.5501	0
0.5625	5.6875	-0.084572	5.555	0
0.563	5.6981	-0.077525	5.5599	0
0.5635	5.6981	-0.077525	5.5649	0
0.564	5.6981	-0.070477	5.5698	0
0.5645	5.6981	-0.077525	5.5747	0
0.565	5.6981	-0.088096	5.5797	0
0.5655	5.6981	-0.088096	5.5846	0
0.566	5.691	-0.088096	5.5895	0
0.5665	5.6981	-0.088096	5.5945	0
0.567	5.7157	-0.077525	5.5994	0
0.5675	5.7262	-0.070477	5.6043	0
0.568	5.7333	-0.066953	5.6093	0
0.5685	5.7439	-0.070477	5.6142	0
0.569	5.7509	-0.088096	5.6191	0
0.5695	5.7509	-0.095144	5.6241	0
0.57	5.758	-0.095144	5.629	0
0.5705	5.7615	-0.10219	5.6339	0
0.571	5.7685	-0.10572	5.6389	0
0.5715	5.7685	-0.11276	5.6438	0
0.572	5.7685	-0.10572	5.6487	0
0.5725	5.7685	-0.10219	5.6537	0
0.573	5.7685	-0.11276	5.6586	0
0.5735	5.7932	-0.11981	5.6635	0
0.574	5.8038	-0.12333	5.6685	0
0.5745	5.8143	-0.12333	5.6734	0
0.575	5.8108	-0.11981	5.6783	0
0.5755	5.8038	-0.11276	5.6833	0
0.576	5.8038	-0.10572	5.6882	0
0.5765	5.8143	-0.10572	5.6931	0
0.577	5.8284	-0.10572	5.6981	0
0.5775	5.839	-0.10572	5.703	0
0.578	5.8496	-0.11276	5.7079	0
0.5785	5.8496	-0.12333	5.7129	0
0.579	5.8461	-0.12333	5.7178	0
0.5795	5.8566	-0.12333	5.7227	0
0.58	5.8672	-0.12333	5.7277	0
0.5805	5.8848	-0.13038	5.7326	0
0.581	5.8848	-0.13038	5.7375	0
0.5815	5.8919	-0.12333	5.7425	0
0.582	5.8813	-0.12333	5.7474	0
0.5825	5.8672	-0.11981	5.7523	0
0.583	5.8672	-0.11981	5.7573	0
0.5835	5.8742	-0.11981	5.7622	0
0.584	5.8848	-0.11276	5.7671	0
0.5845	5.8919	-0.10572	5.7721	0
0.585	5.8919	-0.10572	5.777	0
0.5855	5.8919	-0.10572	5.7819	0
0.586	5.8989	-0.10572	5.7869	0
0.5865	5.9024	-0.11276	5.7918	0
0.587	5.9024	-0.10219	5.7967	0
0.5875	5.9095	-0.088096	5.8017	0
0.588	5.9024	-0.088096	5.8066	0
0.5885	5.9024	-0.10572	5.8115	0
0.589	5.9095	-0.11981	5.8165	0
0.5895	5.9201	-0.11276	5.8214	0
0.59	5.9271	-0.10572	5.8263	0
0.5905	5.9342	-0.10572	5.8313	0
0.591	5.9377	-0.10572	5.8362	0
0.5915	5.9447	-0.10572	5.8411	0
0.592	5.9447	-0.10219	5.8461	0
0.5925	5.9447	-0.088096	5.851	0
0.593	5.9518	-0.084572	5.8559	0
0.5935	5.9623	-0.10219	5.8609	0
0.594	5.9729	-0.11276	5.8658	0
0.5945	5.987	-0.12333	5.8707	0
0.595	5.98	-0.11981	5.8757	0
0.5955	5.98	-0.11276	5.8806	0
0.596	5.98	-0.11981	5.8855	0
0.5965	5.9905	-0.12333	5.8905	0
0.597	5.9976	-0.11981	5.8954	0
0.5975	5.9905	-0.10219	5.9003	0
0.598	5.9905	-0.084572	5.9053	0
0.5985	5.987	-0.077525	5.9102	0
0.599	5.9905	-0.084572	5.9151	0
0.5995	6.0152	-0.088096	5.9201	0
0.6	6.0328	-0.088096	5.925	0
0.6005	6.0434	-0.095144	5.9299	0
0.601	6.0504	-0.11276	5.9349	0
0.6015	6.061	-0.11981	5.9398	0
0.602	6.0681	-0.12333	5.9447	0
0.6025	6.0786	-0.13038	5.9497	0
0.603	6.0857	-0.12333	5.9546	0
0.6035	6.0927	-0.11276	5.9595	0
0.604	6.0962	-0.095144	5.9645	0
0.6045	6.1033	-0.088096	5.9694	0
0.605	6.1139	-0.095144	5.9743	0
0.6055	6.1139	-0.095144	5.9793	0
0.606	6.1033	-0.10219	5.9842	0
0.6065	6.0962	-0.095144	5.9891	0
0.607	6.1103	-0.088096	5.9941	0
0.6075	6.128	-0.088096	5.999	0
0.608	6.1385	-0.095144	6.0039	0
0.6085	6.1315	-0.10572	6.0089	0
0.609	6.1315	-0.11981	6.0138	0
0.6095	6.1385	-0.11981	6.0187	0
0.61	6.1491	-0.11276	6.0237	0
0.6105	6.1632	-0.10572	6.0286	0
0.611	6.1667	-0.095144	6.0335	0
0.6115	6.1738	-0.095144	6.0385	0
0.612	6.1808	-0.088096	6.0434	0
0.6125	6.1984	-0.088096	6.0483	0
0.613	6.209	-0.088096	6.0533	0
0.6135	6.2266	-0.084572	6.0582	0
0.614	6.2266	-0.077525	6.0631	0
0.6145	6.2372	-0.088096	6.0681	0
0.615	6.2442	-0.088096	6.073	0
0.6155	6.2548	-0.088096	6.0779	0
0.616	6.2548	-0.088096	6.0829	0
0.6165	6.2548	-0.088096	6.0878	0
0.617	6.2619	-0.088096	6.0927	0
0.6175	6.2724	-0.088096	6.0977	0
0.618	6.2971	-0.095144	6.1026	0
0.6185	6.3077	-0.10219	6.1075	0
0.619	6.3218	-0.10572	6.1125	0
0.6195	6.3147	-0.11276	6.1174	0
0.62	6.3147	-0.12333	6.1223	0
0.6205	6.3147	-0.11276	6.1273	0
0.621	6.3253	-0.095144	6.1322	0
0.6215	6.3253	-0.084572	6.1371	0
0.622	6.3323	-0.084572	6.1421	0
0.6225	6.3429	-0.084572	6.147	0
0.623	6.35	-0.084572	6.1519	0
0.6235	6.357	-0.077525	6.1569	0
0.624	6.357	-0.077525	6.1618	0
0.6245	6.357	-0.070477	6.1667	0
0.625	6.3676	-0.066953	6.1717	0
0.6255	6.3782	-0.059905	6.1766	0
0.626	6.3852	-0.066953	6.1815	0
0.6265	6.3782	-0.070477	6.1865	0
0.627	6.3782	-0.070477	6.1914	0
0.6275	6.3782	-0.070477	6.1963	0
0.628	6.3782	-0.070477	6.2013	0
0.6285	6.3923	-0.070477	6.2062	0
0.629	6.4028	-0.070477	6.2111	0
0.6295	6.4134	-0.070477	6.2161	0
0.63	6.4028	-0.077525	6.221	0
0.6305	6.4028	-0.070477	6.2259	0
0.631	6.3958	-0.052858	6.2309	0
0.6315	6.3958	-0.042286	6.2358	0
0.632	6.4099	-0.052858	6.2407	0
0.6325	6.4204	-0.070477	6.2457	0
0.633	6.431	-0.088096	6.2506	0
0.6335	6.431	-0.088096	6.2555	0
0.634	6.431	-0.084572	6.2605	0
0.6345	6.431	-0.084572	6.2654	0
0.635	6.431	-0.084572	6.2703	0
0.6355	6.4381	-0.077525	6.2753	0
0.636	6.4557	-0.077525	6.2802	0
0.6365	6.4627	-0.077525	6.2851	0
0.637	6.4486	-0.077525	6.2901	0
0.6375	6.4381	-0.084572	6.295	0
0.638	6.4451	-0.084572	6.2999	0
0.6385	6.4557	-0.077525	6.3049	0
0.639	6.4663	-0.077525	6.3098	0
0.6395	6.4663	-0.077525	6.3147	0
0.64	6.4663	-0.077525	6.3197	0
0.6405	6.4733	-0.077525	6.3246	0
0.641	6.4663	-0.077525	6.3295	0
0.6415	6.4663	-0.070477	6.3345	0
0.642	6.4803	-0.077525	6.3394	0
0.6425	6.4909	-0.084572	6.3443	0
0.643	6.5015	-0.088096	6.3493	0
0.6435	6.5015	-0.088096	6.3542	0
0.644	6.5015	-0.077525	6.3591	0
0.6445	6.5015	-0.070477	6.3641	0
0.645	6.5015	-0.070477	6.369	0
0.6455	6.4909	-0.070477	6.3739	0
0.646	6.4909	-0.077525	6.3789	0
0.6465	6.4909	-0.084572	6.3838	0
0.647	6.4909	-0.088096	6.3887	0
0.6475	6.4909	-0.088096	6.3937	0
0.648	6.498	-0.088096	6.3986	0
0.6485	6.5015	-0.077525	6.4035	0
0.649	6.5156	-0.070477	6.4085	0
0.6495	6.5332	-0.066953	6.4134	0
0.65	6.5438	-0.070477	6.4183	0
0.6505	6.5543	-0.077525	6.4233	0
0.651	6.5543	-0.088096	6.4282	0
0.6515	6.5508	-0.088096	6.4331	0
0.652	6.5438	-0.095144	6.4381	0
0.6525	6.5438	-0.088096	6.443	0
0.653	6.5543	-0.084572	6.4479	0
0.6535	6.5614	-0.077525	6.4529	0
0.654	6.5614	-0.077525	6.4578	0
0.6545	6.5614	-0.070477	6.4627	0
0.655	6.572	-0.070477	6.4677	0
0.6555	6.579	-0.070477	6.4726	0
0.656	6.579	-0.066953	6.4775	0
0.6565	6.579	-0.059905	6.4825	0
0.657	6.579	-0.059905	6.4874	0
0.6575	6.5896	-0.066953	6.4923	0
0.658	6.6072	-0.070477	6.4973	0
0.6585	6.6143	-0.070477	6.5022	0
0.659	6.6248	-0.070477	6.5071	0
0.6595	6.6248	-0.077525	6.5121	0
0.66	6.6248	-0.084572	6.517	0
0.6605	6.6319	-0.088096	6.5219	0
0.661	6.6424	-0.095144	6.5269	0
0.6615	6.6495	-0.095144	6.5318	0
0.662	6.6495	-0.088096	6.5367	0
0.6625	6.6601	-0.084572	6.5417	0
0.663	6.6671	-0.088096	6.5466	0
0.6635	6.6847	-0.077525	6.5515	0
0.664	6.6918	-0.070477	6.5565	0
0.6645	6.6918	-0.070477	6.5614	0
0.665	6.6847	-0.070477	6.5663	0
0.6655	6.6777	-0.059905	6.5713	0
0.666	6.6847	-0.035238	6.5762	0
0.6665	6.6847	-0.014095	6.5811	0
0.667	6.6847	-0.017619	6.5861	0
0.6675	6.6847	-0.024667	6.591	0
0.668	6.6847	-0.035238	6.5959	0
0.6685	6.6847	-0.049334	6.6009	0
0.669	6.6953	-0.042286	6.6058	0
0.6695	6.7129	-0.024667	6.6107	0
0.67	6.72	-0.031715	6.6157	0
0.6705	6.727	-0.052858	6.6206	0
0.671	6.727	-0.070477	6.6255	0
0.6715	6.727	-0.077525	6.6305	0
0.672	6.727	-0.077525	6.6354	0
0.6725	6.7376	-0.070477	6.6403	0
0.673	6.7446	-0.070477	6.6453	0
0.6735	6.7482	-0.066953	6.6502	0
0.674	6.7482	-0.059905	6.6551	0
0.6745	6.7482	-0.059905	6.6601	0
0.675	6.7552	-0.052858	6.665	0
0.6755	6.7658	-0.049334	6.6699	0
0.676	6.7728	-0.042286	6.6749	0
0.6765	6.7834	-0.035238	6.6798	0
0.677	6.7904	-0.031715	6.6847	0
0.6775	6.801	-0.031715	6.6897	0
0.678	6.801	-0.031715	6.6946	0
0.6785	6.7904	-0.031715	6.6995	0
0.679	6.7834	-0.031715	6.7045	0
0.6795	6.7834	-0.031715	6.7094	0
0.68	6.7904	-0.035238	6.7143	0
0.6805	6.801	-0.031715	6.7193	0
0.681	6.8081	-0.031715	6.7242	0
0.6815	6.8081	-0.031715	6.7291	0
0.682	6.801	-0.031715	6.7341	0
0.6825	6.801	-0.035238	6.739	0
0.683	6.7975	-0.035238	6.7439	0
0.6835	6.801	-0.042286	6.7489	0
0.684	6.8081	-0.049334	6.7538	0
0.6845	6.8186	-0.052858	6.7587	0
0.685	6.8327	-0.052858	6.7637	0
0.6855	6.8363	-0.049334	6.7686	0
0.686	6.8433	-0.049334	6.7735	0
0.6865	6.8539	-0.049334	6.7785	0
0.687	6.8609	-0.049334	6.7834	0
0.6875	6.8715	-0.049334	6.7883	0
0.688	6.8715	-0.049334	6.7933	0
0.6885	6.8785	-0.042286	6.7982	0
0.689	6.8891	-0.042286	6.8031	0
0.6895	6.9067	-0.042286	6.8081	0
0.69	6.9208	-0.042286	6.813	0
0.6905	6.9138	-0.042286	6.8179	0
0.691	6.9067	-0.042286	6.8229	0
0.6915	6.9067	-0.049334	6.8278	0
0.692	6.9067	-0.052858	6.8327	0
0.6925	6.9138	-0.059905	6.8377	0
0.693	6.9208	-0.049334	6.8426	0
0.6935	6.9244	-0.035238	6.8475	0
0.694	6.942	-0.035238	6.8525	0
0.6945	6.9737	-0.052858	6.8574	0
0.695	7.0019	-0.077525	6.8623	0
0.6955	7.0019	-0.077525	6.8673	0
0.696	7.0019	-0.077525	6.8722	0
0.6965	7.0019	-0.070477	6.8771	0
0.697	7.0019	-0.066953	6.8821	0
0.6975	7.0089	-0.059905	6.887	0
0.698	7.0195	-0.059905	6.8919	0
0.6985	7.0301	-0.049334	6.8969	0
0.699	7.0371	-0.042286	6.9018	0
0.6995	7.0371	-0.035238	6.9067	0
0.7	7.0371	-0.035238	6.9117	0
0.7005	7.0442	-0.035238	6.9166	0
0.701	7.0477	-0.024667	6.9215	0
0.7015	7.0618	-0.024667	6.9265	0
0.702	7.0724	-0.024667	6.9314	0
0.7025	7.0724	-0.031715	6.9363	0
0.703	7.0794	-0.035238	6.9413	0
0.7035	7.0829	-0.035238	6.9462	0
0.704	7.0829	-0.035238	6.9511	0
0.7045	7.09	-0.035238	6.9561	0
0.705	7.1146	-0.024667	6.961	0
0.7055	7.1358	-0.024667	6.9659	0
0.706	7.1428	-0.017619	6.9709	0
0.7065	7.1428	-0.0070477	6.9758	0
0.707	7.1428	-0.0070477	6.9807	0
0.7075	7.1428	-0.014095	6.9857	0
0.708	7.1499	-0.024667	6.9906	0
0.7085	7.1534	-0.042286	6.9955	0
0.709	7.1604	-0.042286	7.0005	0
0.7095	7.1604	-0.035238	7.0054	0
0.71	7.1604	-0.035238	7.0103	0
0.7105	7.1675	-0.035238	7.0153	0
0.711	7.1781	-0.042286	7.0202	0
0.7115	7.1886	-0.042286	7.0251	0
0.712	7.2027	-0.042286	7.0301	0
0.7125	7.2133	-0.042286	7.035	0
0.713	7.2133	-0.042286	7.0399	0
0.7135	7.2063	-0.042286	7.0449	0
0.714	7.2133	-0.052858	7.0498	0
0.7145	7.2239	-0.059905	7.0547	0
0.715	7.2415	-0.066953	7.0597	0
0.7155	7.2415	-0.059905	7.0646	0
0.716	7.2415	-0.059905	7.0695	0
0.7165	7.2485	-0.059905	7.0745	0
0.717	7.2485	-0.059905	7.0794	0
0.7175	7.2591	-0.059905	7.0843	0
0.718	7.2662	-0.052858	7.0893	0
0.7185	7.2767	-0.049334	7.0942	0
0.719	7.2767	-0.049334	7.0991	0
0.7195	7.2662	-0.052858	7.1041	0
0.72	7.2662	-0.052858	7.109	0
0.7205	7.2662	-0.052858	7.1139	0
0.721	7.2767	-0.059905	7.1189	0
0.7215	7.2662	-0.066953	7.1238	0
0.722	7.2662	-0.059905	7.1287	0
0.7225	7.2662	-0.059905	7.1337	0
0.723	7.2662	-0.066953	7.1386	0
0.7235	7.2767	-0.070477	7.1435	0
0.724	7.2838	-0.070477	7.1485	0
0.7245	7.2838	-0.059905	7.1534	0
0.725	7.2838	-0.052858	7.1583	0
0.7255	7.2838	-0.049334	7.1633	0
0.726	7.2838	-0.052858	7.1682	0
0.7265	7.2838	-0.077525	7.1731	0
0.727	7.2838	-0.095144	7.1781	0
0.7275	7.2838	-0.10572	7.183	0
0.728	7.2908	-0.088096	7.1879	0
0.7285	7.3014	-0.066953	7.1929	0
0.729	7.3084	-0.052858	7.1978	0
0.7295	7.312	-0.052858	7.2027	0
0.73	7.312	-0.059905	7.2077	0
0.7305	7.3084	-0.066953	7.2126	0
0.731	7.312	-0.084572	7.2175	0
0.7315	7.319	-0.095144	7.2225	0
0.732	7.319	-0.088096	7.2274	0
0.7325	7.3261	-0.070477	7.2323	0
0.733	7.3296	-0.052858	7.2373	0
0.7335	7.3366	-0.052858	7.2422	0
0.734	7.3472	-0.052858	7.2471	0
0.7345	7.3543	-0.070477	7.2521	0
0.735	7.3543	-0.088096	7.257	0
0.7355	7.3613	-0.10219	7.2619	0
0.736	7.3648	-0.10219	7.2669	0
0.7365	7.3648	-0.095144	7.2718	0
0.737	7.3648	-0.10219	7.2767	0
0.7375	7.3648	-0.095144	7.2817	0
0.738	7.3789	-0.088096	7.2866	0
0.7385	7.3895	-0.084572	7.2915	0
0.739	7.4001	-0.077525	7.2965	0
0.7395	7.4001	-0.070477	7.3014	0
0.74	7.4001	-0.070477	7.3063	0
0.7405	7.4001	-0.059905	7.3113	0
0.741	7.4247	-0.066953	7.3162	0
0.7415	7.4494	-0.070477	7.3211	0
0.742	7.4705	-0.066953	7.3261	0
0.7425	7.4776	-0.052858	7.331	0
0.743	7.467	-0.042286	7.3359	0
0.7435	7.4529	-0.049334	7.3409	0
0.744	7.46	-0.052858	7.3458	0
0.7445	7.4705	-0.052858	7.3507	0
0.745	7.4846	-0.052858	7.3557	0
0.7455	7.4846	-0.049334	7.3606	0
0.746	7.4952	-0.052858	7.3655	0
0.7465	7.5058	-0.052858	7.3705	0
0.747	7.5128	-0.052858	7.3754	0
0.7475	7.5128	-0.049334	7.3803	0
0.748	7.5199	-0.042286	7.3853	0
0.7485	7.5199	-0.042286	7.3902	0
0.749	7.5128	-0.035238	7.3951	0
0.7495	7.5128	-0.042286	7.4001	0
0.75	7.5128	-0.042286	7.405	0
0.7505	7.5128	-0.049334	7.4099	0
0.751	7.5234	-0.035238	7.4149	0
0.7515	7.5375	-0.024667	7.4198	0
0.752	7.5586	-0.0070477	7.4247	0
0.7525	7.5657	-0.0070477	7.4297	0
0.753	7.5763	-0.024667	7.4346	0
0.7535	7.5763	-0.035238	7.4395	0
0.754	7.5727	-0.059905	7.4445	0
0.7545	7.5833	-0.059905	7.4494	0
0.755	7.5904	-0.059905	7.4543	0
0.7555	7.6115	-0.066953	7.4593	0
0.756	7.6185	-0.066953	7.4642	0
0.7565	7.6256	-0.066953	7.4691	0
0.757	7.6185	-0.059905	7.4741	0
0.7575	7.6115	-0.059905	7.479	0
0.758	7.6115	-0.059905	7.4839	0
0.7585	7.6185	-0.059905	7.4889	0
0.759	7.6185	-0.059905	7.4938	0
0.7595	7.6256	-0.059905	7.4987	0
0.76	7.6362	-0.052858	7.5037	0
0.7605	7.6538	-0.049334	7.5086	0
0.761	7.6714	-0.049334	7.5135	0
0.7615	7.6714	-0.049334	7.5185	0
0.762	7.6714	-0.049334	7.5234	0
0.7625	7.6714	-0.042286	7.5283	0
0.763	7.6644	-0.042286	7.5333	0
0.7635	7.6644	-0.035238	7.5382	0
0.764	7.6644	-0.024667	7.5431	0
0.7645	7.6644	-0.024667	7.5481	0
0.765	7.682	-0.035238	7.553	0
0.7655	7.689	-0.049334	7.5579	0
0.766	7.6996	-0.042286	7.5629	0
0.7665	7.6996	-0.035238	7.5678	0
0.767	7.7066	-0.017619	7.5727	0
0.7675	7.7172	-0.017619	7.5777	0
0.768	7.7243	-0.024667	7.5826	0
0.7685	7.7348	-0.024667	7.5875	0
0.769	7.7348	-0.024667	7.5925	0
0.7695	7.7348	-0.014095	7.5974	0
0.77	7.7348	-0	7.6023	0
0.7705	7.7348	-0.014095	7.6073	0
0.771	7.7348	-0.035238	7.6122	0
0.7715	7.7348	-0.070477	7.6171	0
0.772	7.7489	-0.077525	7.6221	0
0.7725	7.7525	-0.077525	7.627	0
0.773	7.7665	-0.077525	7.6319	0
0.7735	7.7595	-0.059905	7.6369	0
0.774	7.7665	-0.049334	7.6418	0
0.7745	7.7665	-0.035238	7.6467	0
0.775	7.7771	-0.024667	7.6517	0
0.7755	7.7947	-0.024667	7.6566	0
0.776	7.8124	-0.031715	7.6615	0
0.7765	7.8229	-0.042286	7.6665	0
0.777	7.83	-0.059905	7.6714	0
0.7775	7.83	-0.066953	7.6763	0
0.778	7.8229	-0.070477	7.6813	0
0.7785	7.8124	-0.070477	7.6862	0
0.779	7.8053	-0.070477	7.6911	0
0.7795	7.8194	-0.070477	7.6961	0
0.78	7.8229	-0.066953	7.701	0
0.7805	7.8229	-0.052858	7.7059	0
0.781	7.8229	-0.042286	7.7109	0
0.7815	7.8405	-0.035238	7.7158	0
0.782	7.8652	-0.035238	7.7207	0
0.7825	7.8828	-0.031715	7.7257	0
0.783	7.8828	-0.031715	7.7306	0
0.7835	7.8899	-0.024667	7.7355	0
0.784	7.8934	-0.024667	7.7405	0
0.7845	7.8934	-0.024667	7.7454	0
0.785	7.8934	-0.031715	7.7503	0
0.7855	7.9005	-0.031715	7.7553	0
0.786	7.9005	-0.031715	7.7602	0
0.7865	7.9075	-0.031715	7.7651	0
0.787	7.911	-0.035238	7.7701	0
0.7875	7.9181	-0.024667	7.775	0
0.788	7.9251	-0.017619	7.7799	0
0.7885	7.9286	-0.014095	7.7849	0
0.789	7.9357	-0.0070477	7.7898	0
0.7895	7.9427	-0.014095	7.7947	0
0.79	7.9463	-0.017619	7.7997	0
0.7905	7.9533	-0.031715	7.8046	0
0.791	7.9604	-0.035238	7.8095	0
0.7915	7.9639	-0.042286	7.8145	0
0.792	7.9639	-0.042286	7.8194	0
0.7925	7.9639	-0.035238	7.8243	0
0.793	7.9709	-0.024667	7.8293	0
0.7935	7.978	-0.014095	7.8342	0
0.794	7.9815	-0.024667	7.8391	0
0.7945	7.9815	-0.035238	7.8441	0
0.795	7.978	-0.042286	7.849	0
0.7955	7.978	-0.031715	7.8539	0
0.796	7.9991	-0.017619	7.8589	0
0.7965	8.0344	-0.017619	7.8638	0
0.797	8.052	-0.0070477	7.8687	0
0.7975	8.0414	-0.0070477	7.8737	0
0.798	8.0344	-0.0070477	7.8786	0
0.7985	8.0344	-0.014095	7.8835	0
0.799	8.0414	-0.017619	7.8885	0
0.7995	8.0414	-0.024667	7.8934	0
0.8	8.0485	-0.024667	7.8983	0
0.8005	8.052	-0.024667	7.9033	0
0.801	8.059	-0.024667	7.9082	0
0.8015	8.0696	-0.024667	7.9131	0
0.802	8.0837	-0.024667	7.9181	0
0.8025	8.0943	-0.024667	7.923	0
0.803	8.1048	-0.031715	7.9279	0
0.8035	8.1048	-0.035238	7.9329	0
0.804	8.1189	-0.035238	7.9378	0
0.8045	8.1295	-0.024667	7.9427	0
0.805	8.1401	-0.024667	7.9477	0
0.8055	8.1401	-0.035238	7.9526	0
0.806	8.1542	-0.035238	7.9575	0
0.8065	8.1647	-0.035238	7.9625	0
0.807	8.1718	-0.035238	7.9674	0
0.8075	8.1718	-0.035238	7.9723	0
0.808	8.1647	-0.035238	7.9773	0
0.8085	8.1718	-0.042286	7.9822	0
0.809	8.1824	-0.024667	7.9871	0
0.8095	8.1929	-0.017619	7.9921	0
0.81	8.2	-0.0070477	7.997	0
0.8105	8.2246	-0.0070477	8.0019	0
0.811	8.2458	-0.014095	8.0069	0
0.8115	8.2634	-0.017619	8.0118	0
0.812	8.2634	-0.024667	8.0167	0
0.8125	8.2705	-0.031715	8.0217	0
0.813	8.2705	-0.024667	8.0266	0
0.8135	8.2881	-0.024667	8.0315	0
0.814	8.2951	-0.024667	8.0365	0
0.8145	8.3057	-0.024667	8.0414	0
0.815	8.2986	-0.031715	8.0463	0
0.8155	8.2951	-0.035238	8.0513	0
0.816	8.2951	-0.049334	8.0562	0
0.8165	8.2951	-0.052858	8.0611	0
0.817	8.2881	-0.049334	8.0661	0
0.8175	8.281	-0.035238	8.071	0
0.818	8.281	-0.017619	8.0759	0
0.8185	8.281	-0.0070477	8.0809	0
0.819	8.2951	-0.017619	8.0858	0
0.8195	8.3057	-0.035238	8.0907	0
0.82	8.3233	-0.035238	8.0957	0
0.8205	8.3339	-0.035238	8.1006	0
0.821	8.3409	-0.024667	8.1055	0
0.8215	8.348	-0.014095	8.1105	0
0.822	8.3515	-0.017619	8.1154	0
0.8225	8.3586	-0.024667	8.1203	0
0.823	8.3586	-0.024667	8.1253	0
0.8235	8.3515	-0.0070477	8.1302	0
0.824	8.348	-0.0070477	8.1351	0
0.8245	8.3515	-0.024667	8.1401	0
0.825	8.3586	-0.042286	8.145	0
0.8255	8.3691	-0.042286	8.1499	0
0.826	8.3691	-0.042286	8.1549	0
0.8265	8.3656	-0.042286	8.1598	0
0.827	8.3656	-0.042286	8.1647	0
0.8275	8.3586	-0.035238	8.1697	0
0.828	8.3656	-0.031715	8.1746	0
0.8285	8.3691	-0.031715	8.1795	0
0.829	8.3762	-0.035238	8.1845	0
0.8295	8.3867	-0.035238	8.1894	0
0.83	8.3938	-0.049334	8.1943	0
0.8305	8.4044	-0.059905	8.1993	0
0.831	8.422	-0.070477	8.2042	0
0.8315	8.429	-0.059905	8.2091	0
0.832	8.4396	-0.059905	8.2141	0
0.8325	8.4467	-0.052858	8.219	0
0.833	8.4643	-0.059905	8.2239	0
0.8335	8.4713	-0.059905	8.2289	0
0.834	8.4537	-0.059905	8.2338	0
0.8345	8.429	-0.059905	8.2387	0
0.835	8.429	-0.059905	8.2437	0
0.8355	8.4537	-0.052858	8.2486	0
0.836	8.4819	-0.052858	8.2535	0
0.8365	8.4889	-0.042286	8.2585	0
0.837	8.4925	-0.031715	8.2634	0
0.8375	8.4819	-0.017619	8.2683	0
0.838	8.4819	-0.024667	8.2733	0
0.8385	8.4748	-0.024667	8.2782	0
0.839	8.4819	-0.024667	8.2831	0
0.8395	8.4819	-0.024667	8.2881	0
0.84	8.4819	-0.017619	8.293	0
0.8405	8.4925	-0.024667	8.2979	0
0.841	8.5101	-0.017619	8.3029	0
0.8415	8.5101	-0.017619	8.3078	0
0.842	8.4995	-0.017619	8.3127	0
0.8425	8.4995	-0.024667	8.3177	0
0.843	8.5101	-0.024667	8.3226	0
0.8435	8.5171	-0.031715	8.3275	0
0.844	8.5277	-0.024667	8.3325	0
0.8445	8.5347	-0.024667	8.3374	0
0.845	8.5453	-0.017619	8.3423	0
0.8455	8.5453	-0.017619	8.3473	0
0.846	8.5524	-0.017619	8.3522	0
0.8465	8.5524	-0.017619	8.3571	0
0.847	8.5524	-0.014095	8.3621	0
0.8475	8.5594	-0.0070477	8.367	0
0.848	8.5524	-0	8.3719	0
0.8485	8.5453	-0	8.3769	0
0.849	8.5594	-0	8.3818	0
0.8495	8.577	0.0035238	8.3867	0
0.85	8.5982	0.0035238	8.3917	0
0.8505	8.6052	0.010572	8.3966	0
0.851	8.6052	0.0035238	8.4015	0
0.8515	8.5982	0.0035238	8.4065	0
0.852	8.5982	0.0035238	8.4114	0
0.8525	8.5876	-0.014095	8.4163	0
0.853	8.5876	-0.024667	8.4213	0
0.8535	8.5876	-0.024667	8.4262	0
0.854	8.5947	-0.0070477	8.4311	0
0.8545	8.6052	0.010572	8.4361	0
0.855	8.6158	0.010572	8.441	0
0.8555	8.6228	0.010572	8.4459	0
0.856	8.6334	0.010572	8.4509	0
0.8565	8.6228	0.010572	8.4558	0
0.857	8.6228	0.010572	8.4607	0
0.8575	8.6228	0.010572	8.4657	0
0.858	8.6334	-0	8.4706	0
0.8585	8.6405	-0.0070477	8.4755	0
0.859	8.651	-0.014095	8.4805	0
0.8595	8.651	-0.0070477	8.4854	0
0.86	8.651	-0.0070477	8.4903	0
0.8605	8.6475	-0	8.4953	0
0.861	8.6475	0.0035238	8.5002	0
0.8615	8.651	0.010572	8.5051	0
0.862	8.6757	-0	8.5101	0
0.8625	8.6933	-0.0070477	8.515	0
0.863	8.718	-0.017619	8.5199	0
0.8635	8.7215	-0.017619	8.5249	0
0.864	8.7215	-0.017619	8.5298	0
0.8645	8.718	-0.017619	8.5347	0
0.865	8.7109	-0.017619	8.5397	0
0.8655	8.7215	-0.014095	8.5446	0
0.866	8.7286	-0.0070477	8.5495	0
0.8665	8.7391	-0	8.5545	0
0.867	8.7462	-0	8.5594	0
0.8675	8.7567	-0.0070477	8.5643	0
0.868	8.7567	-0.0070477	8.5693	0
0.8685	8.7567	-0.0070477	8.5742	0
0.869	8.7567	-0.0070477	8.5791	0
0.8695	8.7567	-0.0070477	8.5841	0
0.87	8.7567	-0.0070477	8.589	0
0.8705	8.7567	-0.0070477	8.5939	0
0.871	8.7532	-0.0070477	8.5989	0
0.8715	8.7567	-0.014095	8.6038	0
0.872	8.7638	-0.014095	8.6087	0
0.8725	8.7744	-0.014095	8.6137	0
0.873	8.7744	-0.0070477	8.6186	0
0.8735	8.7744	-0.0070477	8.6235	0
0.874	8.7744	-0.0070477	8.6285	0
0.8745	8.7814	-0.0070477	8.6334	0
0.875	8.799	-0.0070477	8.6383	0
0.8755	8.8096	-0.0070477	8.6433	0
0.876	8.8272	-0	8.6482	0
0.8765	8.8272	0.010572	8.6531	0
0.877	8.8272	0.017619	8.6581	0
0.8775	8.8237	0.010572	8.663	0
0.878	8.8167	-0	8.6679	0
0.8785	8.8272	-0.0070477	8.6729	0
0.879	8.8413	-0	8.6778	0
0.8795	8.8589	-0	8.6827	0
0.88	8.8695	0.0035238	8.6877	0
0.8805	8.8766	0.010572	8.6926	0
0.881	8.8801	0.017619	8.6975	0
0.8815	8.8871	0.021143	8.7025	0
0.882	8.8801	0.028191	8.7074	0
0.8825	8.8695	0.021143	8.7123	0
0.883	8.8801	0.0035238	8.7173	0
0.8835	8.8942	-0.014095	8.7222	0
0.884	8.9047	-0.017619	8.7271	0
0.8845	8.9118	-0.017619	8.7321	0
0.885	8.9153	-0.014095	8.737	0
0.8855	8.9153	-0.017619	8.7419	0
0.886	8.9224	-0.017619	8.7469	0
0.8865	8.9294	-0.017619	8.7518	0
0.887	8.9294	-0.017619	8.7567	0
0.8875	8.9329	0.0035238	8.7617	0
0.888	8.94	0.021143	8.7666	0
0.8885	8.9506	0.035238	8.7715	0
0.889	8.9576	0.035238	8.7765	0
0.8895	8.9752	0.035238	8.7814	0
0.89	8.9928	0.038762	8.7863	0
0.8905	8.9858	0.052858	8.7913	0
0.891	8.9682	0.063429	8.7962	0
0.8915	8.9576	0.063429	8.8011	0
0.892	8.9682	0.063429	8.8061	0
0.8925	8.9858	0.035238	8.811	0
0.893	8.9999	0.017619	8.8159	0
0.8935	8.9999	-0.0070477	8.8209	0
0.894	8.9999	-0.0070477	8.8258	0
0.8945	9.0034	-0.0070477	8.8307	0
0.895	9.0034	-0.014095	8.8357	0
0.8955	9.021	-0.017619	8.8406	0
0.896	9.0387	-0.017619	8.8455	0
0.8965	9.0528	-0.017619	8.8505	0
0.897	9.0528	-0.017619	8.8554	0
0.8975	9.0528	-0	8.8603	0
0.898	9.0563	0.021143	8.8653	0
0.8985	9.0704	0.028191	8.8702	0
0.899	9.0633	0.017619	8.8751	0
0.8995	9.0563	0.0035238	8.8801	0
0.9	9.0563	-0	8.885	0
0.9005	9.0739	-0	8.8899	0
0.901	9.088	0.017619	8.8949	0
0.9015	9.0915	0.035238	8.8998	0
0.902	9.1056	0.04581	8.9047	0
0.9025	9.1162	0.035238	8.9097	0
0.903	9.1232	0.021143	8.9146	0
0.9035	9.1232	0.021143	8.9195	0
0.904	9.1268	0.028191	8.9245	0
0.9045	9.1338	0.035238	8.9294	0
0.905	9.1268	0.035238	8.9343	0
0.9055	9.1162	0.028191	8.9393	0
0.906	9.1162	0.028191	8.9442	0
0.9065	9.1268	0.028191	8.9492	0
0.907	9.1444	0.021143	8.9541	0
0.9075	9.1514	0.017619	8.959	0
0.908	9.1514	0.010572	8.964	0
0.9085	9.1514	0.010572	8.9689	0
0.909	9.1514	0.0035238	8.9738	0
0.9095	9.1514	0.0035238	8.9788	0
0.91	9.1585	0.017619	8.9837	0
0.9105	9.169	0.028191	8.9886	0
0.911	9.1867	0.035238	8.9936	0
0.9115	9.1937	0.028191	8.9985	0
0.912	9.1937	0.028191	9.0034	0
0.9125	9.1867	0.028191	9.0084	0
0.913	9.1796	0.035238	9.0133	0
0.9135	9.1867	0.035238	9.0182	0
0.914	9.1972	0.035238	9.0232	0
0.9145	9.1972	0.035238	9.0281	0
0.915	9.1867	0.038762	9.033	0
0.9155	9.1796	0.04581	9.038	0
0.916	9.1867	0.052858	9.0429	0
0.9165	9.2043	0.056381	9.0478	0
0.917	9.2289	0.052858	9.0528	0
0.9175	9.2466	0.035238	9.0577	0
0.918	9.2395	0.028191	9.0626	0
0.9185	9.2325	0.038762	9.0676	0
0.919	9.2325	0.052858	9.0725	0
0.9195	9.2571	0.04581	9.0774	0
0.92	9.2853	0.035238	9.0824	0
0.9205	9.2924	0.021143	9.0873	0
0.921	9.2924	0.021143	9.0922	0
0.9215	9.2853	0.021143	9.0972	0
0.922	9.2853	0.017619	9.1021	0
0.9225	9.2748	0.021143	9.107	0
0.923	9.2677	0.035238	9.112	0
0.9235	9.2677	0.04581	9.1169	0
0.924	9.2642	0.052858	9.1218	0
0.9245	9.2642	0.04581	9.1268	0
0.925	9.2642	0.038762	9.1317	0
0.9255	9.2642	0.028191	9.1366	0
0.926	9.2748	0.017619	9.1416	0
0.9265	9.2924	0.010572	9.1465	0
0.927	9.31	0.010572	9.1514	0
0.9275	9.3206	0.017619	9.1564	0
0.928	9.3276	0.035238	9.1613	0
0.9285	9.3452	0.04581	9.1662	0
0.929	9.3523	0.04581	9.1712	0
0.9295	9.3558	0.04581	9.1761	0
0.93	9.3452	0.04581	9.181	0
0.9305	9.3452	0.04581	9.186	0
0.931	9.3452	0.035238	9.1909	0
0.9315	9.3452	0.028191	9.1958	0
0.932	9.3452	0.017619	9.2008	0
0.9325	9.3452	0.021143	9.2057	0
0.933	9.3558	0.035238	9.2106	0
0.9335	9.3734	0.038762	9.2156	0
0.934	9.391	0.038762	9.2205	0
0.9345	9.4087	0.038762	9.2254	0
0.935	9.4087	0.038762	9.2304	0
0.9355	9.4087	0.038762	9.2353	0
0.936	9.4051	0.04581	9.2402	0
0.9365	9.4051	0.052858	9.2452	0
0.937	9.4157	0.052858	9.2501	0
0.9375	9.4228	0.04581	9.255	0
0.938	9.4263	0.04581	9.26	0
0.9385	9.4263	0.035238	9.2649	0
0.939	9.4333	0.035238	9.2698	0
0.9395	9.4333	0.035238	9.2748	0
0.94	9.4333	0.028191	9.2797	0
0.9405	9.4333	0.028191	9.2846	0
0.941	9.4333	0.028191	9.2896	0
0.9415	9.4263	0.028191	9.2945	0
0.942	9.4228	0.028191	9.2994	0
0.9425	9.4263	0.028191	9.3044	0
0.943	9.4263	0.017619	9.3093	0
0.9435	9.4333	0.017619	9.3142	0
0.944	9.4263	0.0035238	9.3192	0
0.9445	9.4333	-0	9.3241	0
0.945	9.4509	-0.0070477	9.329	0
0.9455	9.4615	-0	9.334	0
0.946	9.4686	-0	9.3389	0
0.9465	9.4791	-0	9.3438	0
0.947	9.4862	0.021143	9.3488	0
0.9475	9.4932	0.04581	9.3537	0
0.948	9.4862	0.056381	9.3586	0
0.9485	9.4862	0.04581	9.3636	0
0.949	9.4862	0.038762	9.3685	0
0.9495	9.4968	0.028191	9.3734	0
0.95	9.4968	0.021143	9.3784	0
0.9505	9.5038	0.021143	9.3833	0
0.951	9.5038	0.035238	9.3882	0
0.9515	9.5038	0.04581	9.3932	0
0.952	9.5144	0.04581	9.3981	0
0.9525	9.5214	0.038762	9.403	0
0.953	9.5285	0.035238	9.408	0
0.9535	9.5214	0.04581	9.4129	0
0.954	9.5214	0.056381	9.4178	0
0.9545	9.5144	0.070477	9.4228	0
0.955	9.5144	0.070477	9.4277	0
0.9555	9.5109	0.063429	9.4326	0
0.956	9.532	0.052858	9.4376	0
0.9565	9.5567	0.035238	9.4425	0
0.957	9.5813	0.035238	9.4474	0
0.9575	9.5813	0.035238	9.4524	0
0.958	9.5743	0.035238	9.4573	0
0.9585	9.5743	0.035238	9.4622	0
0.959	9.5743	0.038762	9.4672	0
0.9595	9.5849	0.04581	9.4721	0
0.96	9.5919	0.052858	9.477	0
0.9605	9.6025	0.052858	9.482	0
0.961	9.6025	0.052858	9.4869	0
0.9615	9.6025	0.052858	9.4918	0
0.962	9.6025	0.04581	9.4968	0
0.9625	9.6095	0.035238	9.5017	0
0.963	9.6095	0.035238	9.5066	0
0.9635	9.6095	0.04581	9.5116	0
0.964	9.6095	0.056381	9.5165	0
0.9645	9.6201	0.063429	9.5214	0
0.965	9.6342	0.063429	9.5264	0
0.9655	9.6377	0.070477	9.5313	0
0.966	9.6448	0.052858	9.5362	0
0.9665	9.6448	0.035238	9.5412	0
0.967	9.6377	0.028191	9.5461	0
0.9675	9.6377	0.028191	9.551	0
0.968	9.6377	0.035238	9.556	0
0.9685	9.6377	0.028191	9.5609	0
0.969	9.6448	0.035238	9.5658	0
0.9695	9.6624	0.04581	9.5708	0
0.97	9.68	0.04581	9.5757	0
0.9705	9.6976	0.035238	9.5806	0
0.971	9.6976	0.021143	9.5856	0
0.9715	9.6976	0.017619	9.5905	0
0.972	9.6976	0.017619	9.5954	0
0.9725	9.6906	0.017619	9.6004	0
0.973	9.687	0.035238	9.6053	0
0.9735	9.6976	0.04581	9.6102	0
0.974	9.7152	0.056381	9.6152	0
0.9745	9.7258	0.052858	9.6201	0
0.975	9.7329	0.04581	9.625	0
0.9755	9.7329	0.04581	9.63	0
0.976	9.7399	0.04581	9.6349	0
0.9765	9.7434	0.04581	9.6398	0
0.977	9.7575	0.04581	9.6448	0
0.9775	9.7751	0.04581	9.6497	0
0.978	9.7857	0.052858	9.6546	0
0.9785	9.8033	0.056381	9.6596	0
0.979	9.8033	0.070477	9.6645	0
0.9795	9.8104	0.063429	9.6694	0
0.98	9.8104	0.056381	9.6744	0
0.9805	9.8139	0.052858	9.6793	0
0.981	9.8139	0.04581	9.6842	0
0.9815	9.8139	0.04581	9.6892	0
0.982	9.828	0.04581	9.6941	0
0.9825	9.8386	0.04581	9.699	0
0.983	9.8491	0.04581	9.704	0
0.9835	9.8491	0.04581	9.7089	0
0.984	9.8386	0.052858	9.7138	0
0.9845	9.8386	0.063429	9.7188	0
0.985	9.8386	0.081048	9.7237	0
0.9855	9.8386	0.088096	9.7286	0
0.986	9.8386	0.098668	9.7336	0
0.9865	9.8456	0.098668	9.7385	0
0.987	9.8668	0.088096	9.7434	0
0.9875	9.8914	0.081048	9.7484	0
0.988	9.9267	0.074001	9.7533	0
0.9885	9.9372	0.081048	9.7582	0
0.989	9.9549	0.081048	9.7632	0
0.9895	9.9619	0.081048	9.7681	0
0.99	9.969	0.081048	9.773	0
0.9905	9.9725	0.081048	9.778	0
0.991	9.9725	0.074001	9.7829	0
0.9915	9.9795	0.070477	9.7878	0
0.992	9.9866	0.070477	9.7928	0
0.9925	9.9725	0.070477	9.7977	0
0.993	9.9619	0.063429	9.8026	0
0.9935	9.9549	0.052858	9.8076	0
0.994	9.9549	0.038762	9.8125	0
0.9945	9.9619	0.04581	9.8174	0
0.995	9.9725	0.052858	9.8224	0
0.9955	9.9866	0.04581	9.8273	0
0.996	9.9971	0.038762	9.8322	0
0.9965	10.004	0.035238	9.8372	0
0.997	10.004	0.028191	9.8421	0
0.9975	9.9971	0.021143	9.847	0
0.998	9.9901	0.021143	9.852	0
0.9985	9.9901	0.028191	9.8569	0
0.999	9.9971	0.04581	9.8618	0
0.9995	10.008	0.070477	9.8668	0
1	10.015	0.088096	9.8717	0
1.0005	10.025	0.088096	9.8766	0
1.001	10.025	0.070477	9.8816	0
1.0015	10.025	0.052858	9.8865	0
1.002	10.022	0.035238	9.8914	0
1.0025	10.015	0.04581	9.8964	0
1.003	10.008	0.052858	9.9013	0
1.0035	9.9971	0.070477	9.9062	0
1.004	9.9971	0.063429	9.9112	0
1.0045	10.008	0.052858	9.9161	0
1.005	10.015	0.038762	9.921	0
1.0055	10.025	0.038762	9.926	0
1.006	10.043	0.035238	9.9309	0
1.0065	10.043	0.035238	9.9358	0
1.007	10.032	0.028191	9.9408	0
1.0075	10.022	0.028191	9.9457	0
1.008	10.015	0.028191	9.9506	0
1.0085	10.043	0.028191	9.9556	0
1.009	10.061	0.028191	9.9605	0
1.0095	10.085	0.028191	9.9654	0
1.01	10.085	0.035238	9.9704	0
1.0105	10.092	0.035238	9.9753	0
1.011	10.096	0.035238	9.9802	0
1.0115	10.096	0.038762	9.9852	0
1.012	10.103	0.04581	9.9901	0
1.0125	10.096	0.04581	9.995	0
1.013	10.092	0.04581	10	0
1.0135	10.085	0.052858	10.005	0
1.014	10.085	0.052858	10.01	0
1.0145	10.085	0.052858	10.015	0
1.015	10.092	0.04581	10.02	0
1.0155	10.103	0.028191	10.025	0
1.016	10.113	0.017619	10.03	0
1.0165	10.12	0.017619	10.034	0
1.017	10.12	0.010572	10.039	0
1.0175	10.128	-0	10.044	0
1.018	10.128	0.010572	10.049	0
1.0185	10.131	0.021143	10.054	0
1.019	10.131	0.038762	10.059	0
1.0195	10.145	0.035238	10.064	0
1.02	10.156	0.035238	10.069	0
1.0205	10.173	0.035238	10.074	0
1.021	10.173	0.038762	10.079	0
1.0215	10.173	0.038762	10.084	0
1.022	10.166	0.035238	10.089	0
1.0225	10.166	0.021143	10.094	0
1.023	10.163	0.017619	10.099	0
1.0235	10.156	0.010572	10.104	0
1.024	10.18	0.017619	10.108	0
1.0245	10.202	0.035238	10.113	0
1.025	10.233	0.052858	10.118	0
1.0255	10.237	0.038762	10.123	0
1.026	10.237	0.017619	10.128	0
1.0265	10.233	0.0035238	10.133	0
1.027	10.233	0.010572	10.138	0
1.0275	10.237	0.010572	10.143	0
1.028	10.244	0.0035238	10.148	0
1.0285	10.254	0.010572	10.153	0
1.029	10.244	0.028191	10.158	0
1.0295	10.244	0.028191	10.163	0
1.03	10.237	0.017619	10.168	0
1.0305	10.237	-0	10.173	0
1.031	10.244	-0	10.178	0
1.0315	10.254	-0.0070477	10.182	0
1.032	10.261	-0.0070477	10.187	0
1.0325	10.268	-0.0070477	10.192	0
1.033	10.261	-0	10.197	0
1.0335	10.261	0.0035238	10.202	0
1.034	10.272	-0	10.207	0
1.0345	10.286	-0.0070477	10.212	0
1.035	10.29	-0	10.217	0
1.0355	10.29	0.010572	10.222	0
1.036	10.279	0.017619	10.227	0
1.0365	10.272	0.021143	10.232	0
1.037	10.286	0.021143	10.237	0
1.0375	10.304	0.021143	10.242	0
1.038	10.321	0.017619	10.247	0
1.0385	10.321	0.017619	10.252	0
1.039	10.339	0.017619	10.256	0
1.0395	10.35	0.017619	10.261	0
1.04	10.367	0.017619	10.266	0
1.0405	10.374	0.017619	10.271	0
1.041	10.367	0.017619	10.276	0
1.0415	10.36	0.017619	10.281	0
1.042	10.357	0.017619	10.286	0
1.0425	10.36	0.017619	10.291	0
1.043	10.367	0.017619	10.296	0
1.0435	10.367	0.017619	10.301	0
1.044	10.374	0.017619	10.306	0
1.0445	10.378	0.017619	10.311	0
1.045	10.378	0.017619	10.316	0
1.0455	10.374	0.017619	10.321	0
1.046	10.374	0.017619	10.326	0
1.0465	10.374	0.021143	10.33	0
1.047	10.367	0.021143	10.335	0
1.0475	10.385	0.028191	10.34	0
1.048	10.402	0.028191	10.345	0
1.0485	10.413	0.035238	10.35	0
1.049	10.413	0.035238	10.355	0
1.0495	10.402	0.035238	10.36	0
1.05	10.395	0.021143	10.365	0
1.0505	10.409	0.010572	10.37	0
1.051	10.427	-0	10.375	0
1.0515	10.438	-0	10.38	0
1.052	10.445	-0	10.385	0
1.0525	10.448	-0	10.39	0
1.053	10.448	0.0035238	10.395	0
1.0535	10.448	0.010572	10.4	0
1.054	10.448	0.010572	10.404	0
1.0545	10.455	0.017619	10.409	0
1.055	10.462	0.028191	10.414	0
1.0555	10.466	0.038762	10.419	0
1.056	10.466	0.038762	10.424	0
1.0565	10.466	0.038762	10.429	0
1.057	10.473	0.021143	10.434	0
1.0575	10.48	-0	10.439	0
1.058	10.483	-0	10.444	0
1.0585	10.48	0.017619	10.449	0
1.059	10.483	0.035238	10.454	0
1.0595	10.49	0.038762	10.459	0
1.06	10.498	0.028191	10.464	0
1.0605	10.501	0.017619	10.469	0
1.061	10.519	0.017619	10.474	0
1.0615	10.533	0.010572	10.478	0
1.062	10.533	0.0035238	10.483	0
1.0625	10.526	-0	10.488	0
1.063	10.526	0.010572	10.493	0
1.0635	10.536	0.010572	10.498	0
1.064	10.526	0.010572	10.503	0
1.0645	10.501	0.010572	10.508	0
1.065	10.498	0.010572	10.513	0
1.0655	10.508	0.017619	10.518	0
1.066	10.536	0.017619	10.523	0
1.0665	10.554	0.028191	10.528	0
1.067	10.579	0.035238	10.533	0
1.0675	10.579	0.04581	10.538	0
1.068	10.579	0.04581	10.543	0
1.0685	10.579	0.035238	10.548	0
1.069	10.579	0.035238	10.552	0
1.0695	10.579	0.028191	10.557	0
1.07	10.586	0.028191	10.562	0
1.0705	10.589	0.035238	10.567	0
1.071	10.596	0.04581	10.572	0
1.0715	10.603	0.052858	10.577	0
1.072	10.614	0.04581	10.582	0
1.0725	10.631	0.04581	10.587	0
1.073	10.656	0.04581	10.592	0
1.0735	10.66	0.04581	10.597	0
1.074	10.656	0.04581	10.602	0
1.0745	10.649	0.04581	10.607	0
1.075	10.656	0.035238	10.612	0
1.0755	10.66	0.028191	10.617	0
1.076	10.667	0.028191	10.622	0
1.0765	10.674	0.021143	10.626	0
1.077	10.667	0.017619	10.631	0
1.0775	10.66	0.010572	10.636	0
1.078	10.66	0.0035238	10.641	0
1.0785	10.677	0.021143	10.646	0
1.079	10.684	0.038762	10.651	0
1.0795	10.691	0.063429	10.656	0
1.08	10.695	0.063429	10.661	0
1.0805	10.695	0.063429	10.666	0
1.081	10.695	0.052858	10.671	0
1.0815	10.709	0.04581	10.676	0
1.082	10.712	0.035238	10.681	0
1.0825	10.72	0.035238	10.686	0
1.083	10.712	0.038762	10.691	0
1.0835	10.712	0.038762	10.696	0
1.084	10.712	0.04581	10.7	0
1.0845	10.712	0.04581	10.705	0
1.085	10.712	0.04581	10.71	0
1.0855	10.72	0.04581	10.715	0
1.086	10.72	0.038762	10.72	0
1.0865	10.73	0.028191	10.725	0
1.087	10.748	0.017619	10.73	0
1.0875	10.765	0.010572	10.735	0
1.088	10.762	0.010572	10.74	0
1.0885	10.762	0.010572	10.745	0
1.089	10.772	0.010572	10.75	0
1.0895	10.783	0.010572	10.755	0
1.09	10.797	0.010572	10.76	0
1.0905	10.797	0.017619	10.765	0
1.091	10.797	0.028191	10.77	0
1.0915	10.797	0.035238	10.775	0
1.092	10.797	0.04581	10.779	0
1.0925	10.79	0.04581	10.784	0
1.093	10.79	0.052858	10.789	0
1.0935	10.772	0.038762	10.794	0
1.094	10.765	0.028191	10.799	0
1.0945	10.772	0.021143	10.804	0
1.095	10.79	0.021143	10.809	0
1.0955	10.801	0.017619	10.814	0
1.096	10.797	-0	10.819	0
1.0965	10.801	-0	10.824	0
1.097	10.818	-0.0070477	10.829	0
1.0975	10.832	-0.0070477	10.834	0
1.098	10.832	-0.0070477	10.839	0
1.0985	10.836	-0.0070477	10.844	0
1.099	10.836	-0.0070477	10.849	0
1.0995	10.843	-0	10.853	0
1.1	10.843	-0	10.858	0
1.1005	10.85	-0	10.863	0
1.101	10.853	-0	10.868	0
1.1015	10.853	0.0035238	10.873	0
1.102	10.853	0.010572	10.878	0
1.1025	10.853	0.010572	10.883	0
1.103	10.871	0.010572	10.888	0
1.1035	10.889	0.010572	10.893	0
1.104	10.906	0.010572	10.898	0
1.1045	10.913	0.010572	10.903	0
1.105	10.924	0.0035238	10.908	0
1.1055	10.924	-0	10.913	0
1.106	10.913	-0	10.918	0
1.1065	10.903	-0	10.923	0
1.107	10.896	-0	10.927	0
1.1075	10.889	-0.0070477	10.932	0
1.108	10.885	-0.0070477	10.937	0
1.1085	10.878	-0	10.942	0
1.109	10.878	0.010572	10.947	0
1.1095	10.885	0.017619	10.952	0
1.11	10.889	0.017619	10.957	0
1.1105	10.896	0.0035238	10.962	0
1.111	10.906	-0.017619	10.967	0
1.1115	10.913	-0.031715	10.972	0
1.112	10.931	-0.024667	10.977	0
1.1125	10.938	-0.014095	10.982	0
1.113	10.942	0.017619	10.987	0
1.1135	10.942	0.028191	10.992	0
1.114	10.942	0.04581	10.997	0
1.1145	10.949	0.04581	11.001	0
1.115	10.949	0.035238	11.006	0
1.1155	10.959	0.028191	11.011	0
1.116	10.966	0.028191	11.016	0
1.1165	10.973	0.028191	11.021	0
1.117	10.973	0.028191	11.026	0
1.1175	10.977	0.028191	11.031	0
1.118	11.001	0.028191	11.036	0
1.1185	11.026	0.028191	11.041	0
1.119	11.037	0.021143	11.046	0
1.1195	11.03	0.028191	11.051	0
1.12	11.019	0.028191	11.056	0
1.1205	11.019	0.010572	11.061	0
1.121	11.019	-0.014095	11.066	0
1.1215	11.019	-0.035238	11.071	0
1.122	11.019	-0.035238	11.075	0
1.1225	11.012	-0.035238	11.08	0
1.123	11.037	-0.035238	11.085	0
1.1235	11.065	-0.017619	11.09	0
1.124	11.09	-0	11.095	0
1.1245	11.09	0.010572	11.1	0
1.125	11.082	-0	11.105	0
1.1255	11.082	-0.0070477	11.11	0
1.126	11.079	-0.0070477	11.115	0
1.1265	11.079	-0.0070477	11.12	0
1.127	11.082	-0.014095	11.125	0
1.1275	11.082	-0.017619	11.13	0
1.128	11.09	-0.031715	11.135	0
1.1285	11.082	-0.031715	11.14	0
1.129	11.082	-0.031715	11.145	0
1.1295	11.1	-0.031715	11.149	0
1.13	11.114	-0.024667	11.154	0
1.1305	11.132	-0.024667	11.159	0
1.131	11.135	-0.017619	11.164	0
1.1315	11.142	-0.014095	11.169	0
1.132	11.142	-0.0070477	11.174	0
1.1325	11.142	-0	11.179	0
1.133	11.142	0.010572	11.184	0
1.1335	11.135	-0.0070477	11.189	0
1.134	11.132	-0.024667	11.194	0
1.1345	11.132	-0.035238	11.199	0
1.135	11.135	-0.024667	11.204	0
1.1355	11.142	-0.024667	11.209	0
1.136	11.153	-0.035238	11.214	0
1.1365	11.167	-0.042286	11.219	0
1.137	11.178	-0.042286	11.223	0
1.1375	11.185	-0.042286	11.228	0
1.138	11.185	-0.042286	11.233	0
1.1385	11.178	-0.035238	11.238	0
1.139	11.171	-0.035238	11.243	0
1.1395	11.171	-0.042286	11.248	0
1.14	11.171	-0.052858	11.253	0
1.1405	11.178	-0.059905	11.258	0
1.141	11.188	-0.049334	11.263	0
1.1415	11.195	-0.035238	11.268	0
1.142	11.195	-0.017619	11.273	0
1.1425	11.188	-0.024667	11.278	0
1.143	11.188	-0.031715	11.283	0
1.1435	11.188	-0.035238	11.288	0
1.144	11.188	-0.035238	11.293	0
1.1445	11.188	-0.035238	11.297	0
1.145	11.188	-0.035238	11.302	0
1.1455	11.188	-0.031715	11.307	0
1.146	11.188	-0.024667	11.312	0
1.1465	11.188	-0.024667	11.317	0
1.147	11.188	-0.024667	11.322	0
1.1475	11.206	-0.017619	11.327	0
1.148	11.223	-0.014095	11.332	0
1.1485	11.241	-0.024667	11.337	0
1.149	11.248	-0.035238	11.342	0
1.1495	11.248	-0.049334	11.347	0
1.15	11.255	-0.042286	11.352	0
1.1505	11.241	-0.052858	11.357	0
1.151	11.23	-0.059905	11.362	0
1.1515	11.241	-0.070477	11.367	0
1.152	11.266	-0.070477	11.371	0
1.1525	11.276	-0.059905	11.376	0
1.153	11.266	-0.052858	11.381	0
1.1535	11.255	-0.042286	11.386	0
1.154	11.259	-0.049334	11.391	0
1.1545	11.276	-0.049334	11.396	0
1.155	11.29	-0.042286	11.401	0
1.1555	11.301	-0.042286	11.406	0
1.156	11.294	-0.052858	11.411	0
1.1565	11.294	-0.066953	11.416	0
1.157	11.294	-0.077525	11.421	0
1.1575	11.301	-0.077525	11.426	0
1.158	11.301	-0.088096	11.431	0
1.1585	11.301	-0.088096	11.436	0
1.159	11.301	-0.077525	11.441	0
1.1595	11.301	-0.066953	11.445	0
1.16	11.308	-0.049334	11.45	0
